#V3.24f-win64
#_SS-V3.24f-safe-win64;_04/23/2011;_Stock_Synthesis_by_Richard_Methot_(NOAA)_using_ADMB
#_Number_of_datafiles: 1
#C Stock Synthesis 3.21d (R. Methot)
#C Pacific sardine stock assessment update for 2012 (K. Hill)
#C PS12_X6e1.DAT
#_observed data: 
1913 #_styr (July '93)
2012 #_endyr
1 #_nseas
12 #_months/season
1 #_spawning_season (Spring semester)
1 #_N_fleets
2 #_N_surveys
1 #_N_areas
Fishery%Survey%CPUE
0.5 0.5 0.5 #_surveytiming_in_season
1 1 1 #_area_assignments_for_each_fishery_and_survey
1 #_units of catch:  1=bio; 2=num
0.01 #_se of log(catch) only used for init_eq_catch and for Fmethod 2 and 3
1 #_Ngenders
15 #_Nages
0 #_init_equil_catch_for_each_fishery (lambda=0)
75 #_N_lines_of_catch_to_read
#_catch_biomass(mtons):_columns_are_fisheries,year,season
#0   1914    1
1	1938	1
1	1939	1
1	1940	1
1	1941	1
1	1942	1
1	1943	1
1	1944	1
1	1945	1
1	1946	1
1	1947	1
1	1948	1
1	1949	1
1	1950	1
1	1951	1
1	1952	1
1	1953	1
1	1954	1
1	1955	1
1	1956	1
1	1957	1
1	1958	1
1	1959	1
1	1960	1
1	1961	1
1	1962	1
1	1963	1
1	1964	1
1	1965	1
1	1966	1
1	1967	1
1	1968	1
1	1969	1
1	1970	1
1	1971	1
1	1972	1
1	1973	1
1	1974	1
1	1975	1
1	1976	1
1	1977	1
1	1978	1
1	1979	1
1	1980	1
1	1981	1
1	1982	1
1	1983	1
1	1984	1
1	1985	1
1	1986	1
1	1987	1
1	1988	1
1	1989	1
1	1990	1
1	1991	1
1	1992	1
1	1993	1
1	1994	1
1	1995	1
1	1996	1
1	1997	1
1	1998	1
1	1999	1
1	2000	1
1	2001	1
1	2002	1
1	2003	1
1	2004	1
1	2005	1
1	2006	1
1	2007	1
1	2008	1
1	2009	1
1	2010	1
1	2011	1
1	2012	1

#
150 #_N_cpue_and_surveyabundance_observations    
#_Units:  0=numbers; 1=biomass; 2=F
#_Errtype:  -1=normal; 0=lognormal; >0=T
#_Fleet Units Errtype
1 1 0 # The_Fleet
2 1 0 # Survey1
3 1 0 # Survey2

#_year seas index obs err
1938	1	2	1	0.2	#_Survey1_38
1939	1	2	1	0.2	#_Survey1_39
1940	1	2	1	0.2	#_Survey1_40
1941	1	2	1	0.2	#_Survey1_41
1942	1	2	1	0.2	#_Survey1_42
1943	1	2	1	0.2	#_Survey1_43
1944	1	2	1	0.2	#_Survey1_44
1945	1	2	1	0.2	#_Survey1_45
1946	1	2	1	0.2	#_Survey1_46
1947	1	2	1	0.2	#_Survey1_47
1948	1	2	1	0.2	#_Survey1_48
1949	1	2	1	0.2	#_Survey1_49
1950	1	2	1	0.2	#_Survey1_50
1951	1	2	1	0.2	#_Survey1_51
1952	1	2	1	0.2	#_Survey1_52
1953	1	2	1	0.2	#_Survey1_53
1954	1	2	1	0.2	#_Survey1_54
1955	1	2	1	0.2	#_Survey1_55
1956	1	2	1	0.2	#_Survey1_56
1957	1	2	1	0.2	#_Survey1_57
1958	1	2	1	0.2	#_Survey1_58
1959	1	2	1	0.2	#_Survey1_59
1960	1	2	1	0.2	#_Survey1_60
1961	1	2	1	0.2	#_Survey1_61
1962	1	2	1	0.2	#_Survey1_62
1963	1	2	1	0.2	#_Survey1_63
1964	1	2	1	0.2	#_Survey1_64
1965	1	2	1	0.2	#_Survey1_65
1966	1	2	1	0.2	#_Survey1_66
1967	1	2	1	0.2	#_Survey1_67
1968	1	2	1	0.2	#_Survey1_68
1969	1	2	1	0.2	#_Survey1_69
1970	1	2	1	0.2	#_Survey1_70
1971	1	2	1	0.2	#_Survey1_71
1972	1	2	1	0.2	#_Survey1_72
1973	1	2	1	0.2	#_Survey1_73
1974	1	2	1	0.2	#_Survey1_74
1975	1	2	1	0.2	#_Survey1_75
1976	1	2	1	0.2	#_Survey1_76
1977	1	2	1	0.2	#_Survey1_77
1978	1	2	1	0.2	#_Survey1_78
1979	1	2	1	0.2	#_Survey1_79
1980	1	2	1	0.2	#_Survey1_80
1981	1	2	1	0.2	#_Survey1_81
1982	1	2	1	0.2	#_Survey1_82
1983	1	2	1	0.2	#_Survey1_83
1984	1	2	1	0.2	#_Survey1_84
1985	1	2	1	0.2	#_Survey1_85
1986	1	2	1	0.2	#_Survey1_86
1987	1	2	1	0.2	#_Survey1_87
1988	1	2	1	0.2	#_Survey1_88
1989	1	2	1	0.2	#_Survey1_89
1990	1	2	1	0.2	#_Survey1_90
1991	1	2	1	0.2	#_Survey1_91
1992	1	2	1	0.2	#_Survey1_92
1993	1	2	1	0.2	#_Survey1_93
1994	1	2	1	0.2	#_Survey1_94
1995	1	2	1	0.2	#_Survey1_95
1996	1	2	1	0.2	#_Survey1_96
1997	1	2	1	0.2	#_Survey1_97
1998	1	2	1	0.2	#_Survey1_98
1999	1	2	1	0.2	#_Survey1_99
2000	1	2	1	0.2	#_Survey1_00
2001	1	2	1	0.2	#_Survey1_01
2002	1	2	1	0.2	#_Survey1_02
2003	1	2	1	0.2	#_Survey1_03
2004	1	2	1	0.2	#_Survey1_04
2005	1	2	1	0.2	#_Survey1_05
2006	1	2	1	0.2	#_Survey1_06
2007	1	2	1	0.2	#_Survey1_07
2008	1	2	1	0.2	#_Survey1_08
2009	1	2	1	0.2	#_Survey1_09
2010	1	2	1	0.2	#_Survey1_10
2011	1	2	1	0.2	#_Survey1_11
2012	1	2	1	0.2	#_Survey1_12
#
1938	1	3	1	0.4	#_Survey2_38
1939	1	3	1	0.4	#_Survey2_39
1940	1	3	1	0.4	#_Survey2_40
1941	1	3	1	0.4	#_Survey2_41
1942	1	3	1	0.4	#_Survey2_42
1943	1	3	1	0.4	#_Survey2_43
1944	1	3	1	0.4	#_Survey2_44
1945	1	3	1	0.4	#_Survey2_45
1946	1	3	1	0.4	#_Survey2_46
1947	1	3	1	0.4	#_Survey2_47
1948	1	3	1	0.4	#_Survey2_48
1949	1	3	1	0.4	#_Survey2_49
1950	1	3	1	0.4	#_Survey2_50
1951	1	3	1	0.4	#_Survey2_51
1952	1	3	1	0.4	#_Survey2_52
1953	1	3	1	0.4	#_Survey2_53
1954	1	3	1	0.4	#_Survey2_54
1955	1	3	1	0.4	#_Survey2_55
1956	1	3	1	0.4	#_Survey2_56
1957	1	3	1	0.4	#_Survey2_57
1958	1	3	1	0.4	#_Survey2_58
1959	1	3	1	0.4	#_Survey2_59
1960	1	3	1	0.4	#_Survey2_60
1961	1	3	1	0.4	#_Survey2_61
1962	1	3	1	0.4	#_Survey2_62
1963	1	3	1	0.4	#_Survey2_63
1964	1	3	1	0.4	#_Survey2_64
1965	1	3	1	0.4	#_Survey2_65
1966	1	3	1	0.4	#_Survey2_66
1967	1	3	1	0.4	#_Survey2_67
1968	1	3	1	0.4	#_Survey2_68
1969	1	3	1	0.4	#_Survey2_69
1970	1	3	1	0.4	#_Survey2_70
1971	1	3	1	0.4	#_Survey2_71
1972	1	3	1	0.4	#_Survey2_72
1973	1	3	1	0.4	#_Survey2_73
1974	1	3	1	0.4	#_Survey2_74
1975	1	3	1	0.4	#_Survey2_75
1976	1	3	1	0.4	#_Survey2_76
1977	1	3	1	0.4	#_Survey2_77
1978	1	3	1	0.4	#_Survey2_78
1979	1	3	1	0.4	#_Survey2_79
1980	1	3	1	0.4	#_Survey2_80
1981	1	3	1	0.4	#_Survey2_81
1982	1	3	1	0.4	#_Survey2_82
1983	1	3	1	0.4	#_Survey2_83
1984	1	3	1	0.4	#_Survey2_84
1985	1	3	1	0.4	#_Survey2_85
1986	1	3	1	0.4	#_Survey2_86
1987	1	3	1	0.4	#_Survey2_87
1988	1	3	1	0.4	#_Survey2_88
1989	1	3	1	0.4	#_Survey2_89
1990	1	3	1	0.4	#_Survey2_90
1991	1	3	1	0.4	#_Survey2_91
1992	1	3	1	0.4	#_Survey2_92
1993	1	3	1	0.4	#_Survey2_93
1994	1	3	1	0.4	#_Survey2_94
1995	1	3	1	0.4	#_Survey2_95
1996	1	3	1	0.4	#_Survey2_96
1997	1	3	1	0.4	#_Survey2_97
1998	1	3	1	0.4	#_Survey2_98
1999	1	3	1	0.4	#_Survey2_99
2000	1	3	1	0.4	#_Survey2_00
2001	1	3	1	0.4	#_Survey2_01
2002	1	3	1	0.4	#_Survey2_02
2003	1	3	1	0.4	#_Survey2_03
2004	1	3	1	0.4	#_Survey2_04
2005	1	3	1	0.4	#_Survey2_05
2006	1	3	1	0.4	#_Survey2_06
2007	1	3	1	0.4	#_Survey2_07
2008	1	3	1	0.4	#_Survey2_08
2009	1	3	1	0.4	#_Survey2_09
2010	1	3	1	0.4	#_Survey2_10
2011	1	3	1	0.4	#_Survey2_11
2012	1	3	1	0.4	#_Survey2_12
#
0 #_N_fleets_with_discard
#_discard_units (1=same_as_catchunits(bio/num); 2=fraction; 3=numbers)
#_discard_errtype:  >0 for DF of T-dist(read CV below); 0 for normal with CV; -1 for normal with se; -2 for lognormal
#Fleet Disc_units err_type
0 #N discard obs
#_year seas index obs err
#
0 #_N_meanbodywt_obs
1 #_DF_for_meanbodywt_T-distribution_like

2 # length bin method: 1=use databins; 2=generate from binwidth,min,max below; 3=read vector
0.5 # binwidth for population size comp 
8 # minimum size in the population (lower edge of first bin and size at age 0.00) 
30 # maximum size in the population (lower edge of last bin) 

-0.0001 #_comp_tail_compression
0.00001 #_add_to_comp
0 #_combine males into females at or below this bin number
45 #_N_LengthBins    
 8 8.5 9 9.5 10 10.5 11 11.5 12 12.5 13 13.5 14 14.5 15 15.5 16 16.5 17 17.5 18 18.5 19 19.5 20 20.5 21 21.5 22 22.5 23 23.5 24 24.5 25 25.5 26 26.5 27 27.5 28 28.5 29 29.5 30
150 #_N_Length_obs  
#Yr Seas Flt/Svy Gender Part Nsamp datavector(female-male)
1938	1	1	0	0	100	1	0	0	0	0	0	0	0	0	0	0	0	0	0	0	0	0	0	0	0	0	0	0	0	0	0	0	0	0	0	0	0	0	0	0	0	0	0	0	0	0	0	0	0	0
1939	1	1	0	0	100	1	0	0	0	0	0	0	0	0	0	0	0	0	0	0	0	0	0	0	0	0	0	0	0	0	0	0	0	0	0	0	0	0	0	0	0	0	0	0	0	0	0	0	0	0
1940	1	1	0	0	100	1	0	0	0	0	0	0	0	0	0	0	0	0	0	0	0	0	0	0	0	0	0	0	0	0	0	0	0	0	0	0	0	0	0	0	0	0	0	0	0	0	0	0	0	0
1941	1	1	0	0	100	1	0	0	0	0	0	0	0	0	0	0	0	0	0	0	0	0	0	0	0	0	0	0	0	0	0	0	0	0	0	0	0	0	0	0	0	0	0	0	0	0	0	0	0	0
1942	1	1	0	0	100	1	0	0	0	0	0	0	0	0	0	0	0	0	0	0	0	0	0	0	0	0	0	0	0	0	0	0	0	0	0	0	0	0	0	0	0	0	0	0	0	0	0	0	0	0
1943	1	1	0	0	100	1	0	0	0	0	0	0	0	0	0	0	0	0	0	0	0	0	0	0	0	0	0	0	0	0	0	0	0	0	0	0	0	0	0	0	0	0	0	0	0	0	0	0	0	0
1944	1	1	0	0	100	1	0	0	0	0	0	0	0	0	0	0	0	0	0	0	0	0	0	0	0	0	0	0	0	0	0	0	0	0	0	0	0	0	0	0	0	0	0	0	0	0	0	0	0	0
1945	1	1	0	0	100	1	0	0	0	0	0	0	0	0	0	0	0	0	0	0	0	0	0	0	0	0	0	0	0	0	0	0	0	0	0	0	0	0	0	0	0	0	0	0	0	0	0	0	0	0
1946	1	1	0	0	100	1	0	0	0	0	0	0	0	0	0	0	0	0	0	0	0	0	0	0	0	0	0	0	0	0	0	0	0	0	0	0	0	0	0	0	0	0	0	0	0	0	0	0	0	0
1947	1	1	0	0	100	1	0	0	0	0	0	0	0	0	0	0	0	0	0	0	0	0	0	0	0	0	0	0	0	0	0	0	0	0	0	0	0	0	0	0	0	0	0	0	0	0	0	0	0	0
1948	1	1	0	0	100	1	0	0	0	0	0	0	0	0	0	0	0	0	0	0	0	0	0	0	0	0	0	0	0	0	0	0	0	0	0	0	0	0	0	0	0	0	0	0	0	0	0	0	0	0
1949	1	1	0	0	100	1	0	0	0	0	0	0	0	0	0	0	0	0	0	0	0	0	0	0	0	0	0	0	0	0	0	0	0	0	0	0	0	0	0	0	0	0	0	0	0	0	0	0	0	0
1950	1	1	0	0	100	1	0	0	0	0	0	0	0	0	0	0	0	0	0	0	0	0	0	0	0	0	0	0	0	0	0	0	0	0	0	0	0	0	0	0	0	0	0	0	0	0	0	0	0	0
1951	1	1	0	0	100	1	0	0	0	0	0	0	0	0	0	0	0	0	0	0	0	0	0	0	0	0	0	0	0	0	0	0	0	0	0	0	0	0	0	0	0	0	0	0	0	0	0	0	0	0
1952	1	1	0	0	100	1	0	0	0	0	0	0	0	0	0	0	0	0	0	0	0	0	0	0	0	0	0	0	0	0	0	0	0	0	0	0	0	0	0	0	0	0	0	0	0	0	0	0	0	0
1953	1	1	0	0	100	1	0	0	0	0	0	0	0	0	0	0	0	0	0	0	0	0	0	0	0	0	0	0	0	0	0	0	0	0	0	0	0	0	0	0	0	0	0	0	0	0	0	0	0	0
1954	1	1	0	0	100	1	0	0	0	0	0	0	0	0	0	0	0	0	0	0	0	0	0	0	0	0	0	0	0	0	0	0	0	0	0	0	0	0	0	0	0	0	0	0	0	0	0	0	0	0
1955	1	1	0	0	100	1	0	0	0	0	0	0	0	0	0	0	0	0	0	0	0	0	0	0	0	0	0	0	0	0	0	0	0	0	0	0	0	0	0	0	0	0	0	0	0	0	0	0	0	0
1956	1	1	0	0	100	1	0	0	0	0	0	0	0	0	0	0	0	0	0	0	0	0	0	0	0	0	0	0	0	0	0	0	0	0	0	0	0	0	0	0	0	0	0	0	0	0	0	0	0	0
1957	1	1	0	0	100	1	0	0	0	0	0	0	0	0	0	0	0	0	0	0	0	0	0	0	0	0	0	0	0	0	0	0	0	0	0	0	0	0	0	0	0	0	0	0	0	0	0	0	0	0
1958	1	1	0	0	100	1	0	0	0	0	0	0	0	0	0	0	0	0	0	0	0	0	0	0	0	0	0	0	0	0	0	0	0	0	0	0	0	0	0	0	0	0	0	0	0	0	0	0	0	0
1959	1	1	0	0	100	1	0	0	0	0	0	0	0	0	0	0	0	0	0	0	0	0	0	0	0	0	0	0	0	0	0	0	0	0	0	0	0	0	0	0	0	0	0	0	0	0	0	0	0	0
1960	1	1	0	0	100	1	0	0	0	0	0	0	0	0	0	0	0	0	0	0	0	0	0	0	0	0	0	0	0	0	0	0	0	0	0	0	0	0	0	0	0	0	0	0	0	0	0	0	0	0
1961	1	1	0	0	100	1	0	0	0	0	0	0	0	0	0	0	0	0	0	0	0	0	0	0	0	0	0	0	0	0	0	0	0	0	0	0	0	0	0	0	0	0	0	0	0	0	0	0	0	0
1962	1	1	0	0	100	1	0	0	0	0	0	0	0	0	0	0	0	0	0	0	0	0	0	0	0	0	0	0	0	0	0	0	0	0	0	0	0	0	0	0	0	0	0	0	0	0	0	0	0	0
1963	1	1	0	0	100	1	0	0	0	0	0	0	0	0	0	0	0	0	0	0	0	0	0	0	0	0	0	0	0	0	0	0	0	0	0	0	0	0	0	0	0	0	0	0	0	0	0	0	0	0
1964	1	1	0	0	100	1	0	0	0	0	0	0	0	0	0	0	0	0	0	0	0	0	0	0	0	0	0	0	0	0	0	0	0	0	0	0	0	0	0	0	0	0	0	0	0	0	0	0	0	0
1965	1	1	0	0	100	1	0	0	0	0	0	0	0	0	0	0	0	0	0	0	0	0	0	0	0	0	0	0	0	0	0	0	0	0	0	0	0	0	0	0	0	0	0	0	0	0	0	0	0	0
1966	1	1	0	0	100	1	0	0	0	0	0	0	0	0	0	0	0	0	0	0	0	0	0	0	0	0	0	0	0	0	0	0	0	0	0	0	0	0	0	0	0	0	0	0	0	0	0	0	0	0
1967	1	1	0	0	100	1	0	0	0	0	0	0	0	0	0	0	0	0	0	0	0	0	0	0	0	0	0	0	0	0	0	0	0	0	0	0	0	0	0	0	0	0	0	0	0	0	0	0	0	0
1968	1	1	0	0	100	1	0	0	0	0	0	0	0	0	0	0	0	0	0	0	0	0	0	0	0	0	0	0	0	0	0	0	0	0	0	0	0	0	0	0	0	0	0	0	0	0	0	0	0	0
1969	1	1	0	0	100	1	0	0	0	0	0	0	0	0	0	0	0	0	0	0	0	0	0	0	0	0	0	0	0	0	0	0	0	0	0	0	0	0	0	0	0	0	0	0	0	0	0	0	0	0
1970	1	1	0	0	100	1	0	0	0	0	0	0	0	0	0	0	0	0	0	0	0	0	0	0	0	0	0	0	0	0	0	0	0	0	0	0	0	0	0	0	0	0	0	0	0	0	0	0	0	0
1971	1	1	0	0	100	1	0	0	0	0	0	0	0	0	0	0	0	0	0	0	0	0	0	0	0	0	0	0	0	0	0	0	0	0	0	0	0	0	0	0	0	0	0	0	0	0	0	0	0	0
1972	1	1	0	0	100	1	0	0	0	0	0	0	0	0	0	0	0	0	0	0	0	0	0	0	0	0	0	0	0	0	0	0	0	0	0	0	0	0	0	0	0	0	0	0	0	0	0	0	0	0
1973	1	1	0	0	100	1	0	0	0	0	0	0	0	0	0	0	0	0	0	0	0	0	0	0	0	0	0	0	0	0	0	0	0	0	0	0	0	0	0	0	0	0	0	0	0	0	0	0	0	0
1974	1	1	0	0	100	1	0	0	0	0	0	0	0	0	0	0	0	0	0	0	0	0	0	0	0	0	0	0	0	0	0	0	0	0	0	0	0	0	0	0	0	0	0	0	0	0	0	0	0	0
1975	1	1	0	0	100	1	0	0	0	0	0	0	0	0	0	0	0	0	0	0	0	0	0	0	0	0	0	0	0	0	0	0	0	0	0	0	0	0	0	0	0	0	0	0	0	0	0	0	0	0
1976	1	1	0	0	100	1	0	0	0	0	0	0	0	0	0	0	0	0	0	0	0	0	0	0	0	0	0	0	0	0	0	0	0	0	0	0	0	0	0	0	0	0	0	0	0	0	0	0	0	0
1977	1	1	0	0	100	1	0	0	0	0	0	0	0	0	0	0	0	0	0	0	0	0	0	0	0	0	0	0	0	0	0	0	0	0	0	0	0	0	0	0	0	0	0	0	0	0	0	0	0	0
1978	1	1	0	0	100	1	0	0	0	0	0	0	0	0	0	0	0	0	0	0	0	0	0	0	0	0	0	0	0	0	0	0	0	0	0	0	0	0	0	0	0	0	0	0	0	0	0	0	0	0
1979	1	1	0	0	100	1	0	0	0	0	0	0	0	0	0	0	0	0	0	0	0	0	0	0	0	0	0	0	0	0	0	0	0	0	0	0	0	0	0	0	0	0	0	0	0	0	0	0	0	0
1980	1	1	0	0	100	1	0	0	0	0	0	0	0	0	0	0	0	0	0	0	0	0	0	0	0	0	0	0	0	0	0	0	0	0	0	0	0	0	0	0	0	0	0	0	0	0	0	0	0	0
1981	1	1	0	0	100	1	0	0	0	0	0	0	0	0	0	0	0	0	0	0	0	0	0	0	0	0	0	0	0	0	0	0	0	0	0	0	0	0	0	0	0	0	0	0	0	0	0	0	0	0
1982	1	1	0	0	100	1	0	0	0	0	0	0	0	0	0	0	0	0	0	0	0	0	0	0	0	0	0	0	0	0	0	0	0	0	0	0	0	0	0	0	0	0	0	0	0	0	0	0	0	0
1983	1	1	0	0	100	1	0	0	0	0	0	0	0	0	0	0	0	0	0	0	0	0	0	0	0	0	0	0	0	0	0	0	0	0	0	0	0	0	0	0	0	0	0	0	0	0	0	0	0	0
1984	1	1	0	0	100	1	0	0	0	0	0	0	0	0	0	0	0	0	0	0	0	0	0	0	0	0	0	0	0	0	0	0	0	0	0	0	0	0	0	0	0	0	0	0	0	0	0	0	0	0
1985	1	1	0	0	100	1	0	0	0	0	0	0	0	0	0	0	0	0	0	0	0	0	0	0	0	0	0	0	0	0	0	0	0	0	0	0	0	0	0	0	0	0	0	0	0	0	0	0	0	0
1986	1	1	0	0	100	1	0	0	0	0	0	0	0	0	0	0	0	0	0	0	0	0	0	0	0	0	0	0	0	0	0	0	0	0	0	0	0	0	0	0	0	0	0	0	0	0	0	0	0	0
1987	1	1	0	0	100	1	0	0	0	0	0	0	0	0	0	0	0	0	0	0	0	0	0	0	0	0	0	0	0	0	0	0	0	0	0	0	0	0	0	0	0	0	0	0	0	0	0	0	0	0
1988	1	1	0	0	100	1	0	0	0	0	0	0	0	0	0	0	0	0	0	0	0	0	0	0	0	0	0	0	0	0	0	0	0	0	0	0	0	0	0	0	0	0	0	0	0	0	0	0	0	0
1989	1	1	0	0	100	1	0	0	0	0	0	0	0	0	0	0	0	0	0	0	0	0	0	0	0	0	0	0	0	0	0	0	0	0	0	0	0	0	0	0	0	0	0	0	0	0	0	0	0	0
1990	1	1	0	0	100	1	0	0	0	0	0	0	0	0	0	0	0	0	0	0	0	0	0	0	0	0	0	0	0	0	0	0	0	0	0	0	0	0	0	0	0	0	0	0	0	0	0	0	0	0
1991	1	1	0	0	100	1	0	0	0	0	0	0	0	0	0	0	0	0	0	0	0	0	0	0	0	0	0	0	0	0	0	0	0	0	0	0	0	0	0	0	0	0	0	0	0	0	0	0	0	0
1992	1	1	0	0	100	1	0	0	0	0	0	0	0	0	0	0	0	0	0	0	0	0	0	0	0	0	0	0	0	0	0	0	0	0	0	0	0	0	0	0	0	0	0	0	0	0	0	0	0	0
1993	1	1	0	0	100	1	0	0	0	0	0	0	0	0	0	0	0	0	0	0	0	0	0	0	0	0	0	0	0	0	0	0	0	0	0	0	0	0	0	0	0	0	0	0	0	0	0	0	0	0
1994	1	1	0	0	100	1	0	0	0	0	0	0	0	0	0	0	0	0	0	0	0	0	0	0	0	0	0	0	0	0	0	0	0	0	0	0	0	0	0	0	0	0	0	0	0	0	0	0	0	0
1995	1	1	0	0	100	1	0	0	0	0	0	0	0	0	0	0	0	0	0	0	0	0	0	0	0	0	0	0	0	0	0	0	0	0	0	0	0	0	0	0	0	0	0	0	0	0	0	0	0	0
1996	1	1	0	0	100	1	0	0	0	0	0	0	0	0	0	0	0	0	0	0	0	0	0	0	0	0	0	0	0	0	0	0	0	0	0	0	0	0	0	0	0	0	0	0	0	0	0	0	0	0
1997	1	1	0	0	100	1	0	0	0	0	0	0	0	0	0	0	0	0	0	0	0	0	0	0	0	0	0	0	0	0	0	0	0	0	0	0	0	0	0	0	0	0	0	0	0	0	0	0	0	0
1998	1	1	0	0	100	1	0	0	0	0	0	0	0	0	0	0	0	0	0	0	0	0	0	0	0	0	0	0	0	0	0	0	0	0	0	0	0	0	0	0	0	0	0	0	0	0	0	0	0	0
1999	1	1	0	0	100	1	0	0	0	0	0	0	0	0	0	0	0	0	0	0	0	0	0	0	0	0	0	0	0	0	0	0	0	0	0	0	0	0	0	0	0	0	0	0	0	0	0	0	0	0
2000	1	1	0	0	100	1	0	0	0	0	0	0	0	0	0	0	0	0	0	0	0	0	0	0	0	0	0	0	0	0	0	0	0	0	0	0	0	0	0	0	0	0	0	0	0	0	0	0	0	0
2001	1	1	0	0	100	1	0	0	0	0	0	0	0	0	0	0	0	0	0	0	0	0	0	0	0	0	0	0	0	0	0	0	0	0	0	0	0	0	0	0	0	0	0	0	0	0	0	0	0	0
2002	1	1	0	0	100	1	0	0	0	0	0	0	0	0	0	0	0	0	0	0	0	0	0	0	0	0	0	0	0	0	0	0	0	0	0	0	0	0	0	0	0	0	0	0	0	0	0	0	0	0
2003	1	1	0	0	100	1	0	0	0	0	0	0	0	0	0	0	0	0	0	0	0	0	0	0	0	0	0	0	0	0	0	0	0	0	0	0	0	0	0	0	0	0	0	0	0	0	0	0	0	0
2004	1	1	0	0	100	1	0	0	0	0	0	0	0	0	0	0	0	0	0	0	0	0	0	0	0	0	0	0	0	0	0	0	0	0	0	0	0	0	0	0	0	0	0	0	0	0	0	0	0	0
2005	1	1	0	0	100	1	0	0	0	0	0	0	0	0	0	0	0	0	0	0	0	0	0	0	0	0	0	0	0	0	0	0	0	0	0	0	0	0	0	0	0	0	0	0	0	0	0	0	0	0
2006	1	1	0	0	100	1	0	0	0	0	0	0	0	0	0	0	0	0	0	0	0	0	0	0	0	0	0	0	0	0	0	0	0	0	0	0	0	0	0	0	0	0	0	0	0	0	0	0	0	0
2007	1	1	0	0	100	1	0	0	0	0	0	0	0	0	0	0	0	0	0	0	0	0	0	0	0	0	0	0	0	0	0	0	0	0	0	0	0	0	0	0	0	0	0	0	0	0	0	0	0	0
2008	1	1	0	0	100	1	0	0	0	0	0	0	0	0	0	0	0	0	0	0	0	0	0	0	0	0	0	0	0	0	0	0	0	0	0	0	0	0	0	0	0	0	0	0	0	0	0	0	0	0
2009	1	1	0	0	100	1	0	0	0	0	0	0	0	0	0	0	0	0	0	0	0	0	0	0	0	0	0	0	0	0	0	0	0	0	0	0	0	0	0	0	0	0	0	0	0	0	0	0	0	0
2010	1	1	0	0	100	1	0	0	0	0	0	0	0	0	0	0	0	0	0	0	0	0	0	0	0	0	0	0	0	0	0	0	0	0	0	0	0	0	0	0	0	0	0	0	0	0	0	0	0	0
2011	1	1	0	0	100	1	0	0	0	0	0	0	0	0	0	0	0	0	0	0	0	0	0	0	0	0	0	0	0	0	0	0	0	0	0	0	0	0	0	0	0	0	0	0	0	0	0	0	0	0
2012	1	1	0	0	100	1	0	0	0	0	0	0	0	0	0	0	0	0	0	0	0	0	0	0	0	0	0	0	0	0	0	0	0	0	0	0	0	0	0	0	0	0	0	0	0	0	0	0	0	0
#
1938	1	2	0	0	100	1	0	0	0	0	0	0	0	0	0	0	0	0	0	0	0	0	0	0	0	0	0	0	0	0	0	0	0	0	0	0	0	0	0	0	0	0	0	0	0	0	0	0	0	0
1939	1	2	0	0	100	1	0	0	0	0	0	0	0	0	0	0	0	0	0	0	0	0	0	0	0	0	0	0	0	0	0	0	0	0	0	0	0	0	0	0	0	0	0	0	0	0	0	0	0	0
1940	1	2	0	0	100	1	0	0	0	0	0	0	0	0	0	0	0	0	0	0	0	0	0	0	0	0	0	0	0	0	0	0	0	0	0	0	0	0	0	0	0	0	0	0	0	0	0	0	0	0
1941	1	2	0	0	100	1	0	0	0	0	0	0	0	0	0	0	0	0	0	0	0	0	0	0	0	0	0	0	0	0	0	0	0	0	0	0	0	0	0	0	0	0	0	0	0	0	0	0	0	0
1942	1	2	0	0	100	1	0	0	0	0	0	0	0	0	0	0	0	0	0	0	0	0	0	0	0	0	0	0	0	0	0	0	0	0	0	0	0	0	0	0	0	0	0	0	0	0	0	0	0	0
1943	1	2	0	0	100	1	0	0	0	0	0	0	0	0	0	0	0	0	0	0	0	0	0	0	0	0	0	0	0	0	0	0	0	0	0	0	0	0	0	0	0	0	0	0	0	0	0	0	0	0
1944	1	2	0	0	100	1	0	0	0	0	0	0	0	0	0	0	0	0	0	0	0	0	0	0	0	0	0	0	0	0	0	0	0	0	0	0	0	0	0	0	0	0	0	0	0	0	0	0	0	0
1945	1	2	0	0	100	1	0	0	0	0	0	0	0	0	0	0	0	0	0	0	0	0	0	0	0	0	0	0	0	0	0	0	0	0	0	0	0	0	0	0	0	0	0	0	0	0	0	0	0	0
1946	1	2	0	0	100	1	0	0	0	0	0	0	0	0	0	0	0	0	0	0	0	0	0	0	0	0	0	0	0	0	0	0	0	0	0	0	0	0	0	0	0	0	0	0	0	0	0	0	0	0
1947	1	2	0	0	100	1	0	0	0	0	0	0	0	0	0	0	0	0	0	0	0	0	0	0	0	0	0	0	0	0	0	0	0	0	0	0	0	0	0	0	0	0	0	0	0	0	0	0	0	0
1948	1	2	0	0	100	1	0	0	0	0	0	0	0	0	0	0	0	0	0	0	0	0	0	0	0	0	0	0	0	0	0	0	0	0	0	0	0	0	0	0	0	0	0	0	0	0	0	0	0	0
1949	1	2	0	0	100	1	0	0	0	0	0	0	0	0	0	0	0	0	0	0	0	0	0	0	0	0	0	0	0	0	0	0	0	0	0	0	0	0	0	0	0	0	0	0	0	0	0	0	0	0
1950	1	2	0	0	100	1	0	0	0	0	0	0	0	0	0	0	0	0	0	0	0	0	0	0	0	0	0	0	0	0	0	0	0	0	0	0	0	0	0	0	0	0	0	0	0	0	0	0	0	0
1951	1	2	0	0	100	1	0	0	0	0	0	0	0	0	0	0	0	0	0	0	0	0	0	0	0	0	0	0	0	0	0	0	0	0	0	0	0	0	0	0	0	0	0	0	0	0	0	0	0	0
1952	1	2	0	0	100	1	0	0	0	0	0	0	0	0	0	0	0	0	0	0	0	0	0	0	0	0	0	0	0	0	0	0	0	0	0	0	0	0	0	0	0	0	0	0	0	0	0	0	0	0
1953	1	2	0	0	100	1	0	0	0	0	0	0	0	0	0	0	0	0	0	0	0	0	0	0	0	0	0	0	0	0	0	0	0	0	0	0	0	0	0	0	0	0	0	0	0	0	0	0	0	0
1954	1	2	0	0	100	1	0	0	0	0	0	0	0	0	0	0	0	0	0	0	0	0	0	0	0	0	0	0	0	0	0	0	0	0	0	0	0	0	0	0	0	0	0	0	0	0	0	0	0	0
1955	1	2	0	0	100	1	0	0	0	0	0	0	0	0	0	0	0	0	0	0	0	0	0	0	0	0	0	0	0	0	0	0	0	0	0	0	0	0	0	0	0	0	0	0	0	0	0	0	0	0
1956	1	2	0	0	100	1	0	0	0	0	0	0	0	0	0	0	0	0	0	0	0	0	0	0	0	0	0	0	0	0	0	0	0	0	0	0	0	0	0	0	0	0	0	0	0	0	0	0	0	0
1957	1	2	0	0	100	1	0	0	0	0	0	0	0	0	0	0	0	0	0	0	0	0	0	0	0	0	0	0	0	0	0	0	0	0	0	0	0	0	0	0	0	0	0	0	0	0	0	0	0	0
1958	1	2	0	0	100	1	0	0	0	0	0	0	0	0	0	0	0	0	0	0	0	0	0	0	0	0	0	0	0	0	0	0	0	0	0	0	0	0	0	0	0	0	0	0	0	0	0	0	0	0
1959	1	2	0	0	100	1	0	0	0	0	0	0	0	0	0	0	0	0	0	0	0	0	0	0	0	0	0	0	0	0	0	0	0	0	0	0	0	0	0	0	0	0	0	0	0	0	0	0	0	0
1960	1	2	0	0	100	1	0	0	0	0	0	0	0	0	0	0	0	0	0	0	0	0	0	0	0	0	0	0	0	0	0	0	0	0	0	0	0	0	0	0	0	0	0	0	0	0	0	0	0	0
1961	1	2	0	0	100	1	0	0	0	0	0	0	0	0	0	0	0	0	0	0	0	0	0	0	0	0	0	0	0	0	0	0	0	0	0	0	0	0	0	0	0	0	0	0	0	0	0	0	0	0
1962	1	2	0	0	100	1	0	0	0	0	0	0	0	0	0	0	0	0	0	0	0	0	0	0	0	0	0	0	0	0	0	0	0	0	0	0	0	0	0	0	0	0	0	0	0	0	0	0	0	0
1963	1	2	0	0	100	1	0	0	0	0	0	0	0	0	0	0	0	0	0	0	0	0	0	0	0	0	0	0	0	0	0	0	0	0	0	0	0	0	0	0	0	0	0	0	0	0	0	0	0	0
1964	1	2	0	0	100	1	0	0	0	0	0	0	0	0	0	0	0	0	0	0	0	0	0	0	0	0	0	0	0	0	0	0	0	0	0	0	0	0	0	0	0	0	0	0	0	0	0	0	0	0
1965	1	2	0	0	100	1	0	0	0	0	0	0	0	0	0	0	0	0	0	0	0	0	0	0	0	0	0	0	0	0	0	0	0	0	0	0	0	0	0	0	0	0	0	0	0	0	0	0	0	0
1966	1	2	0	0	100	1	0	0	0	0	0	0	0	0	0	0	0	0	0	0	0	0	0	0	0	0	0	0	0	0	0	0	0	0	0	0	0	0	0	0	0	0	0	0	0	0	0	0	0	0
1967	1	2	0	0	100	1	0	0	0	0	0	0	0	0	0	0	0	0	0	0	0	0	0	0	0	0	0	0	0	0	0	0	0	0	0	0	0	0	0	0	0	0	0	0	0	0	0	0	0	0
1968	1	2	0	0	100	1	0	0	0	0	0	0	0	0	0	0	0	0	0	0	0	0	0	0	0	0	0	0	0	0	0	0	0	0	0	0	0	0	0	0	0	0	0	0	0	0	0	0	0	0
1969	1	2	0	0	100	1	0	0	0	0	0	0	0	0	0	0	0	0	0	0	0	0	0	0	0	0	0	0	0	0	0	0	0	0	0	0	0	0	0	0	0	0	0	0	0	0	0	0	0	0
1970	1	2	0	0	100	1	0	0	0	0	0	0	0	0	0	0	0	0	0	0	0	0	0	0	0	0	0	0	0	0	0	0	0	0	0	0	0	0	0	0	0	0	0	0	0	0	0	0	0	0
1971	1	2	0	0	100	1	0	0	0	0	0	0	0	0	0	0	0	0	0	0	0	0	0	0	0	0	0	0	0	0	0	0	0	0	0	0	0	0	0	0	0	0	0	0	0	0	0	0	0	0
1972	1	2	0	0	100	1	0	0	0	0	0	0	0	0	0	0	0	0	0	0	0	0	0	0	0	0	0	0	0	0	0	0	0	0	0	0	0	0	0	0	0	0	0	0	0	0	0	0	0	0
1973	1	2	0	0	100	1	0	0	0	0	0	0	0	0	0	0	0	0	0	0	0	0	0	0	0	0	0	0	0	0	0	0	0	0	0	0	0	0	0	0	0	0	0	0	0	0	0	0	0	0
1974	1	2	0	0	100	1	0	0	0	0	0	0	0	0	0	0	0	0	0	0	0	0	0	0	0	0	0	0	0	0	0	0	0	0	0	0	0	0	0	0	0	0	0	0	0	0	0	0	0	0
1975	1	2	0	0	100	1	0	0	0	0	0	0	0	0	0	0	0	0	0	0	0	0	0	0	0	0	0	0	0	0	0	0	0	0	0	0	0	0	0	0	0	0	0	0	0	0	0	0	0	0
1976	1	2	0	0	100	1	0	0	0	0	0	0	0	0	0	0	0	0	0	0	0	0	0	0	0	0	0	0	0	0	0	0	0	0	0	0	0	0	0	0	0	0	0	0	0	0	0	0	0	0
1977	1	2	0	0	100	1	0	0	0	0	0	0	0	0	0	0	0	0	0	0	0	0	0	0	0	0	0	0	0	0	0	0	0	0	0	0	0	0	0	0	0	0	0	0	0	0	0	0	0	0
1978	1	2	0	0	100	1	0	0	0	0	0	0	0	0	0	0	0	0	0	0	0	0	0	0	0	0	0	0	0	0	0	0	0	0	0	0	0	0	0	0	0	0	0	0	0	0	0	0	0	0
1979	1	2	0	0	100	1	0	0	0	0	0	0	0	0	0	0	0	0	0	0	0	0	0	0	0	0	0	0	0	0	0	0	0	0	0	0	0	0	0	0	0	0	0	0	0	0	0	0	0	0
1980	1	2	0	0	100	1	0	0	0	0	0	0	0	0	0	0	0	0	0	0	0	0	0	0	0	0	0	0	0	0	0	0	0	0	0	0	0	0	0	0	0	0	0	0	0	0	0	0	0	0
1981	1	2	0	0	100	1	0	0	0	0	0	0	0	0	0	0	0	0	0	0	0	0	0	0	0	0	0	0	0	0	0	0	0	0	0	0	0	0	0	0	0	0	0	0	0	0	0	0	0	0
1982	1	2	0	0	100	1	0	0	0	0	0	0	0	0	0	0	0	0	0	0	0	0	0	0	0	0	0	0	0	0	0	0	0	0	0	0	0	0	0	0	0	0	0	0	0	0	0	0	0	0
1983	1	2	0	0	100	1	0	0	0	0	0	0	0	0	0	0	0	0	0	0	0	0	0	0	0	0	0	0	0	0	0	0	0	0	0	0	0	0	0	0	0	0	0	0	0	0	0	0	0	0
1984	1	2	0	0	100	1	0	0	0	0	0	0	0	0	0	0	0	0	0	0	0	0	0	0	0	0	0	0	0	0	0	0	0	0	0	0	0	0	0	0	0	0	0	0	0	0	0	0	0	0
1985	1	2	0	0	100	1	0	0	0	0	0	0	0	0	0	0	0	0	0	0	0	0	0	0	0	0	0	0	0	0	0	0	0	0	0	0	0	0	0	0	0	0	0	0	0	0	0	0	0	0
1986	1	2	0	0	100	1	0	0	0	0	0	0	0	0	0	0	0	0	0	0	0	0	0	0	0	0	0	0	0	0	0	0	0	0	0	0	0	0	0	0	0	0	0	0	0	0	0	0	0	0
1987	1	2	0	0	100	1	0	0	0	0	0	0	0	0	0	0	0	0	0	0	0	0	0	0	0	0	0	0	0	0	0	0	0	0	0	0	0	0	0	0	0	0	0	0	0	0	0	0	0	0
1988	1	2	0	0	100	1	0	0	0	0	0	0	0	0	0	0	0	0	0	0	0	0	0	0	0	0	0	0	0	0	0	0	0	0	0	0	0	0	0	0	0	0	0	0	0	0	0	0	0	0
1989	1	2	0	0	100	1	0	0	0	0	0	0	0	0	0	0	0	0	0	0	0	0	0	0	0	0	0	0	0	0	0	0	0	0	0	0	0	0	0	0	0	0	0	0	0	0	0	0	0	0
1990	1	2	0	0	100	1	0	0	0	0	0	0	0	0	0	0	0	0	0	0	0	0	0	0	0	0	0	0	0	0	0	0	0	0	0	0	0	0	0	0	0	0	0	0	0	0	0	0	0	0
1991	1	2	0	0	100	1	0	0	0	0	0	0	0	0	0	0	0	0	0	0	0	0	0	0	0	0	0	0	0	0	0	0	0	0	0	0	0	0	0	0	0	0	0	0	0	0	0	0	0	0
1992	1	2	0	0	100	1	0	0	0	0	0	0	0	0	0	0	0	0	0	0	0	0	0	0	0	0	0	0	0	0	0	0	0	0	0	0	0	0	0	0	0	0	0	0	0	0	0	0	0	0
1993	1	2	0	0	100	1	0	0	0	0	0	0	0	0	0	0	0	0	0	0	0	0	0	0	0	0	0	0	0	0	0	0	0	0	0	0	0	0	0	0	0	0	0	0	0	0	0	0	0	0
1994	1	2	0	0	100	1	0	0	0	0	0	0	0	0	0	0	0	0	0	0	0	0	0	0	0	0	0	0	0	0	0	0	0	0	0	0	0	0	0	0	0	0	0	0	0	0	0	0	0	0
1995	1	2	0	0	100	1	0	0	0	0	0	0	0	0	0	0	0	0	0	0	0	0	0	0	0	0	0	0	0	0	0	0	0	0	0	0	0	0	0	0	0	0	0	0	0	0	0	0	0	0
1996	1	2	0	0	100	1	0	0	0	0	0	0	0	0	0	0	0	0	0	0	0	0	0	0	0	0	0	0	0	0	0	0	0	0	0	0	0	0	0	0	0	0	0	0	0	0	0	0	0	0
1997	1	2	0	0	100	1	0	0	0	0	0	0	0	0	0	0	0	0	0	0	0	0	0	0	0	0	0	0	0	0	0	0	0	0	0	0	0	0	0	0	0	0	0	0	0	0	0	0	0	0
1998	1	2	0	0	100	1	0	0	0	0	0	0	0	0	0	0	0	0	0	0	0	0	0	0	0	0	0	0	0	0	0	0	0	0	0	0	0	0	0	0	0	0	0	0	0	0	0	0	0	0
1999	1	2	0	0	100	1	0	0	0	0	0	0	0	0	0	0	0	0	0	0	0	0	0	0	0	0	0	0	0	0	0	0	0	0	0	0	0	0	0	0	0	0	0	0	0	0	0	0	0	0
2000	1	2	0	0	100	1	0	0	0	0	0	0	0	0	0	0	0	0	0	0	0	0	0	0	0	0	0	0	0	0	0	0	0	0	0	0	0	0	0	0	0	0	0	0	0	0	0	0	0	0
2001	1	2	0	0	100	1	0	0	0	0	0	0	0	0	0	0	0	0	0	0	0	0	0	0	0	0	0	0	0	0	0	0	0	0	0	0	0	0	0	0	0	0	0	0	0	0	0	0	0	0
2002	1	2	0	0	100	1	0	0	0	0	0	0	0	0	0	0	0	0	0	0	0	0	0	0	0	0	0	0	0	0	0	0	0	0	0	0	0	0	0	0	0	0	0	0	0	0	0	0	0	0
2003	1	2	0	0	100	1	0	0	0	0	0	0	0	0	0	0	0	0	0	0	0	0	0	0	0	0	0	0	0	0	0	0	0	0	0	0	0	0	0	0	0	0	0	0	0	0	0	0	0	0
2004	1	2	0	0	100	1	0	0	0	0	0	0	0	0	0	0	0	0	0	0	0	0	0	0	0	0	0	0	0	0	0	0	0	0	0	0	0	0	0	0	0	0	0	0	0	0	0	0	0	0
2005	1	2	0	0	100	1	0	0	0	0	0	0	0	0	0	0	0	0	0	0	0	0	0	0	0	0	0	0	0	0	0	0	0	0	0	0	0	0	0	0	0	0	0	0	0	0	0	0	0	0
2006	1	2	0	0	100	1	0	0	0	0	0	0	0	0	0	0	0	0	0	0	0	0	0	0	0	0	0	0	0	0	0	0	0	0	0	0	0	0	0	0	0	0	0	0	0	0	0	0	0	0
2007	1	2	0	0	100	1	0	0	0	0	0	0	0	0	0	0	0	0	0	0	0	0	0	0	0	0	0	0	0	0	0	0	0	0	0	0	0	0	0	0	0	0	0	0	0	0	0	0	0	0
2008	1	2	0	0	100	1	0	0	0	0	0	0	0	0	0	0	0	0	0	0	0	0	0	0	0	0	0	0	0	0	0	0	0	0	0	0	0	0	0	0	0	0	0	0	0	0	0	0	0	0
2009	1	2	0	0	100	1	0	0	0	0	0	0	0	0	0	0	0	0	0	0	0	0	0	0	0	0	0	0	0	0	0	0	0	0	0	0	0	0	0	0	0	0	0	0	0	0	0	0	0	0
2010	1	2	0	0	100	1	0	0	0	0	0	0	0	0	0	0	0	0	0	0	0	0	0	0	0	0	0	0	0	0	0	0	0	0	0	0	0	0	0	0	0	0	0	0	0	0	0	0	0	0
2011	1	2	0	0	100	1	0	0	0	0	0	0	0	0	0	0	0	0	0	0	0	0	0	0	0	0	0	0	0	0	0	0	0	0	0	0	0	0	0	0	0	0	0	0	0	0	0	0	0	0
2012	1	2	0	0	100	1	0	0	0	0	0	0	0	0	0	0	0	0	0	0	0	0	0	0	0	0	0	0	0	0	0	0	0	0	0	0	0	0	0	0	0	0	0	0	0	0	0	0	0	0

#
16 #_N_age_bins
0 1 2 3 4 5 6 7 8 9 10 11 12 13 14 15
1  #_N_ageerror_definitions																
0.5	1.5	2.5	3.5	4.5	5.5	6.5	7.5	8.5	9.5	10.5	11.5	12.5	13.5	14.5	15.5	#_TheFleet
0.001	0.001	0.001	0.001	0.001	0.001	0.001	0.001	0.001	0.001	0.001	0.001	0.001	0.001	0.001	0.001	#_TheFleet 
#
150 #_N_Agecomp_obs    
3 #_Lbin_method: 1=poplenbins; 2=datalenbins; 3=lengths
-1 #_combine males into females at or below this bin number
#Yr Seas Flt/Svy Gender Part Ageerr Lbin_lo Lbin_hi Nsamp datavector(female-male)
1938	1	1	0	0	1	-1	-1	100	1	0	0	0	0	0	0	0	0	0	0	0	0	0	0	0
1939	1	1	0	0	1	-1	-1	100	1	0	0	0	0	0	0	0	0	0	0	0	0	0	0	0
1940	1	1	0	0	1	-1	-1	100	1	0	0	0	0	0	0	0	0	0	0	0	0	0	0	0
1941	1	1	0	0	1	-1	-1	100	1	0	0	0	0	0	0	0	0	0	0	0	0	0	0	0
1942	1	1	0	0	1	-1	-1	100	1	0	0	0	0	0	0	0	0	0	0	0	0	0	0	0
1943	1	1	0	0	1	-1	-1	100	1	0	0	0	0	0	0	0	0	0	0	0	0	0	0	0
1944	1	1	0	0	1	-1	-1	100	1	0	0	0	0	0	0	0	0	0	0	0	0	0	0	0
1945	1	1	0	0	1	-1	-1	100	1	0	0	0	0	0	0	0	0	0	0	0	0	0	0	0
1946	1	1	0	0	1	-1	-1	100	1	0	0	0	0	0	0	0	0	0	0	0	0	0	0	0
1947	1	1	0	0	1	-1	-1	100	1	0	0	0	0	0	0	0	0	0	0	0	0	0	0	0
1948	1	1	0	0	1	-1	-1	100	1	0	0	0	0	0	0	0	0	0	0	0	0	0	0	0
1949	1	1	0	0	1	-1	-1	100	1	0	0	0	0	0	0	0	0	0	0	0	0	0	0	0
1950	1	1	0	0	1	-1	-1	100	1	0	0	0	0	0	0	0	0	0	0	0	0	0	0	0
1951	1	1	0	0	1	-1	-1	100	1	0	0	0	0	0	0	0	0	0	0	0	0	0	0	0
1952	1	1	0	0	1	-1	-1	100	1	0	0	0	0	0	0	0	0	0	0	0	0	0	0	0
1953	1	1	0	0	1	-1	-1	100	1	0	0	0	0	0	0	0	0	0	0	0	0	0	0	0
1954	1	1	0	0	1	-1	-1	100	1	0	0	0	0	0	0	0	0	0	0	0	0	0	0	0
1955	1	1	0	0	1	-1	-1	100	1	0	0	0	0	0	0	0	0	0	0	0	0	0	0	0
1956	1	1	0	0	1	-1	-1	100	1	0	0	0	0	0	0	0	0	0	0	0	0	0	0	0
1957	1	1	0	0	1	-1	-1	100	1	0	0	0	0	0	0	0	0	0	0	0	0	0	0	0
1958	1	1	0	0	1	-1	-1	100	1	0	0	0	0	0	0	0	0	0	0	0	0	0	0	0
1959	1	1	0	0	1	-1	-1	100	1	0	0	0	0	0	0	0	0	0	0	0	0	0	0	0
1960	1	1	0	0	1	-1	-1	100	1	0	0	0	0	0	0	0	0	0	0	0	0	0	0	0
1961	1	1	0	0	1	-1	-1	100	1	0	0	0	0	0	0	0	0	0	0	0	0	0	0	0
1962	1	1	0	0	1	-1	-1	100	1	0	0	0	0	0	0	0	0	0	0	0	0	0	0	0
1963	1	1	0	0	1	-1	-1	100	1	0	0	0	0	0	0	0	0	0	0	0	0	0	0	0
1964	1	1	0	0	1	-1	-1	100	1	0	0	0	0	0	0	0	0	0	0	0	0	0	0	0
1965	1	1	0	0	1	-1	-1	100	1	0	0	0	0	0	0	0	0	0	0	0	0	0	0	0
1966	1	1	0	0	1	-1	-1	100	1	0	0	0	0	0	0	0	0	0	0	0	0	0	0	0
1967	1	1	0	0	1	-1	-1	100	1	0	0	0	0	0	0	0	0	0	0	0	0	0	0	0
1968	1	1	0	0	1	-1	-1	100	1	0	0	0	0	0	0	0	0	0	0	0	0	0	0	0
1969	1	1	0	0	1	-1	-1	100	1	0	0	0	0	0	0	0	0	0	0	0	0	0	0	0
1970	1	1	0	0	1	-1	-1	100	1	0	0	0	0	0	0	0	0	0	0	0	0	0	0	0
1971	1	1	0	0	1	-1	-1	100	1	0	0	0	0	0	0	0	0	0	0	0	0	0	0	0
1972	1	1	0	0	1	-1	-1	100	1	0	0	0	0	0	0	0	0	0	0	0	0	0	0	0
1973	1	1	0	0	1	-1	-1	100	1	0	0	0	0	0	0	0	0	0	0	0	0	0	0	0
1974	1	1	0	0	1	-1	-1	100	1	0	0	0	0	0	0	0	0	0	0	0	0	0	0	0
1975	1	1	0	0	1	-1	-1	100	1	0	0	0	0	0	0	0	0	0	0	0	0	0	0	0
1976	1	1	0	0	1	-1	-1	100	1	0	0	0	0	0	0	0	0	0	0	0	0	0	0	0
1977	1	1	0	0	1	-1	-1	100	1	0	0	0	0	0	0	0	0	0	0	0	0	0	0	0
1978	1	1	0	0	1	-1	-1	100	1	0	0	0	0	0	0	0	0	0	0	0	0	0	0	0
1979	1	1	0	0	1	-1	-1	100	1	0	0	0	0	0	0	0	0	0	0	0	0	0	0	0
1980	1	1	0	0	1	-1	-1	100	1	0	0	0	0	0	0	0	0	0	0	0	0	0	0	0
1981	1	1	0	0	1	-1	-1	100	1	0	0	0	0	0	0	0	0	0	0	0	0	0	0	0
1982	1	1	0	0	1	-1	-1	100	1	0	0	0	0	0	0	0	0	0	0	0	0	0	0	0
1983	1	1	0	0	1	-1	-1	100	1	0	0	0	0	0	0	0	0	0	0	0	0	0	0	0
1984	1	1	0	0	1	-1	-1	100	1	0	0	0	0	0	0	0	0	0	0	0	0	0	0	0
1985	1	1	0	0	1	-1	-1	100	1	0	0	0	0	0	0	0	0	0	0	0	0	0	0	0
1986	1	1	0	0	1	-1	-1	100	1	0	0	0	0	0	0	0	0	0	0	0	0	0	0	0
1987	1	1	0	0	1	-1	-1	100	1	0	0	0	0	0	0	0	0	0	0	0	0	0	0	0
1988	1	1	0	0	1	-1	-1	100	1	0	0	0	0	0	0	0	0	0	0	0	0	0	0	0
1989	1	1	0	0	1	-1	-1	100	1	0	0	0	0	0	0	0	0	0	0	0	0	0	0	0
1990	1	1	0	0	1	-1	-1	100	1	0	0	0	0	0	0	0	0	0	0	0	0	0	0	0
1991	1	1	0	0	1	-1	-1	100	1	0	0	0	0	0	0	0	0	0	0	0	0	0	0	0
1992	1	1	0	0	1	-1	-1	100	1	0	0	0	0	0	0	0	0	0	0	0	0	0	0	0
1993	1	1	0	0	1	-1	-1	100	1	0	0	0	0	0	0	0	0	0	0	0	0	0	0	0
1994	1	1	0	0	1	-1	-1	100	1	0	0	0	0	0	0	0	0	0	0	0	0	0	0	0
1995	1	1	0	0	1	-1	-1	100	1	0	0	0	0	0	0	0	0	0	0	0	0	0	0	0
1996	1	1	0	0	1	-1	-1	100	1	0	0	0	0	0	0	0	0	0	0	0	0	0	0	0
1997	1	1	0	0	1	-1	-1	100	1	0	0	0	0	0	0	0	0	0	0	0	0	0	0	0
1998	1	1	0	0	1	-1	-1	100	1	0	0	0	0	0	0	0	0	0	0	0	0	0	0	0
1999	1	1	0	0	1	-1	-1	100	1	0	0	0	0	0	0	0	0	0	0	0	0	0	0	0
2000	1	1	0	0	1	-1	-1	100	1	0	0	0	0	0	0	0	0	0	0	0	0	0	0	0
2001	1	1	0	0	1	-1	-1	100	1	0	0	0	0	0	0	0	0	0	0	0	0	0	0	0
2002	1	1	0	0	1	-1	-1	100	1	0	0	0	0	0	0	0	0	0	0	0	0	0	0	0
2003	1	1	0	0	1	-1	-1	100	1	0	0	0	0	0	0	0	0	0	0	0	0	0	0	0
2004	1	1	0	0	1	-1	-1	100	1	0	0	0	0	0	0	0	0	0	0	0	0	0	0	0
2005	1	1	0	0	1	-1	-1	100	1	0	0	0	0	0	0	0	0	0	0	0	0	0	0	0
2006	1	1	0	0	1	-1	-1	100	1	0	0	0	0	0	0	0	0	0	0	0	0	0	0	0
2007	1	1	0	0	1	-1	-1	100	1	0	0	0	0	0	0	0	0	0	0	0	0	0	0	0
2008	1	1	0	0	1	-1	-1	100	1	0	0	0	0	0	0	0	0	0	0	0	0	0	0	0
2009	1	1	0	0	1	-1	-1	100	1	0	0	0	0	0	0	0	0	0	0	0	0	0	0	0
2010	1	1	0	0	1	-1	-1	100	1	0	0	0	0	0	0	0	0	0	0	0	0	0	0	0
2011	1	1	0	0	1	-1	-1	100	1	0	0	0	0	0	0	0	0	0	0	0	0	0	0	0
2012	1	1	0	0	1	-1	-1	100	1	0	0	0	0	0	0	0	0	0	0	0	0	0	0	0
#
1938	1	2	0	0	1	-1	-1	100	1	0	0	0	0	0	0	0	0	0	0	0	0	0	0	0
1939	1	2	0	0	1	-1	-1	100	1	0	0	0	0	0	0	0	0	0	0	0	0	0	0	0
1940	1	2	0	0	1	-1	-1	100	1	0	0	0	0	0	0	0	0	0	0	0	0	0	0	0
1941	1	2	0	0	1	-1	-1	100	1	0	0	0	0	0	0	0	0	0	0	0	0	0	0	0
1942	1	2	0	0	1	-1	-1	100	1	0	0	0	0	0	0	0	0	0	0	0	0	0	0	0
1943	1	2	0	0	1	-1	-1	100	1	0	0	0	0	0	0	0	0	0	0	0	0	0	0	0
1944	1	2	0	0	1	-1	-1	100	1	0	0	0	0	0	0	0	0	0	0	0	0	0	0	0
1945	1	2	0	0	1	-1	-1	100	1	0	0	0	0	0	0	0	0	0	0	0	0	0	0	0
1946	1	2	0	0	1	-1	-1	100	1	0	0	0	0	0	0	0	0	0	0	0	0	0	0	0
1947	1	2	0	0	1	-1	-1	100	1	0	0	0	0	0	0	0	0	0	0	0	0	0	0	0
1948	1	2	0	0	1	-1	-1	100	1	0	0	0	0	0	0	0	0	0	0	0	0	0	0	0
1949	1	2	0	0	1	-1	-1	100	1	0	0	0	0	0	0	0	0	0	0	0	0	0	0	0
1950	1	2	0	0	1	-1	-1	100	1	0	0	0	0	0	0	0	0	0	0	0	0	0	0	0
1951	1	2	0	0	1	-1	-1	100	1	0	0	0	0	0	0	0	0	0	0	0	0	0	0	0
1952	1	2	0	0	1	-1	-1	100	1	0	0	0	0	0	0	0	0	0	0	0	0	0	0	0
1953	1	2	0	0	1	-1	-1	100	1	0	0	0	0	0	0	0	0	0	0	0	0	0	0	0
1954	1	2	0	0	1	-1	-1	100	1	0	0	0	0	0	0	0	0	0	0	0	0	0	0	0
1955	1	2	0	0	1	-1	-1	100	1	0	0	0	0	0	0	0	0	0	0	0	0	0	0	0
1956	1	2	0	0	1	-1	-1	100	1	0	0	0	0	0	0	0	0	0	0	0	0	0	0	0
1957	1	2	0	0	1	-1	-1	100	1	0	0	0	0	0	0	0	0	0	0	0	0	0	0	0
1958	1	2	0	0	1	-1	-1	100	1	0	0	0	0	0	0	0	0	0	0	0	0	0	0	0
1959	1	2	0	0	1	-1	-1	100	1	0	0	0	0	0	0	0	0	0	0	0	0	0	0	0
1960	1	2	0	0	1	-1	-1	100	1	0	0	0	0	0	0	0	0	0	0	0	0	0	0	0
1961	1	2	0	0	1	-1	-1	100	1	0	0	0	0	0	0	0	0	0	0	0	0	0	0	0
1962	1	2	0	0	1	-1	-1	100	1	0	0	0	0	0	0	0	0	0	0	0	0	0	0	0
1963	1	2	0	0	1	-1	-1	100	1	0	0	0	0	0	0	0	0	0	0	0	0	0	0	0
1964	1	2	0	0	1	-1	-1	100	1	0	0	0	0	0	0	0	0	0	0	0	0	0	0	0
1965	1	2	0	0	1	-1	-1	100	1	0	0	0	0	0	0	0	0	0	0	0	0	0	0	0
1966	1	2	0	0	1	-1	-1	100	1	0	0	0	0	0	0	0	0	0	0	0	0	0	0	0
1967	1	2	0	0	1	-1	-1	100	1	0	0	0	0	0	0	0	0	0	0	0	0	0	0	0
1968	1	2	0	0	1	-1	-1	100	1	0	0	0	0	0	0	0	0	0	0	0	0	0	0	0
1969	1	2	0	0	1	-1	-1	100	1	0	0	0	0	0	0	0	0	0	0	0	0	0	0	0
1970	1	2	0	0	1	-1	-1	100	1	0	0	0	0	0	0	0	0	0	0	0	0	0	0	0
1971	1	2	0	0	1	-1	-1	100	1	0	0	0	0	0	0	0	0	0	0	0	0	0	0	0
1972	1	2	0	0	1	-1	-1	100	1	0	0	0	0	0	0	0	0	0	0	0	0	0	0	0
1973	1	2	0	0	1	-1	-1	100	1	0	0	0	0	0	0	0	0	0	0	0	0	0	0	0
1974	1	2	0	0	1	-1	-1	100	1	0	0	0	0	0	0	0	0	0	0	0	0	0	0	0
1975	1	2	0	0	1	-1	-1	100	1	0	0	0	0	0	0	0	0	0	0	0	0	0	0	0
1976	1	2	0	0	1	-1	-1	100	1	0	0	0	0	0	0	0	0	0	0	0	0	0	0	0
1977	1	2	0	0	1	-1	-1	100	1	0	0	0	0	0	0	0	0	0	0	0	0	0	0	0
1978	1	2	0	0	1	-1	-1	100	1	0	0	0	0	0	0	0	0	0	0	0	0	0	0	0
1979	1	2	0	0	1	-1	-1	100	1	0	0	0	0	0	0	0	0	0	0	0	0	0	0	0
1980	1	2	0	0	1	-1	-1	100	1	0	0	0	0	0	0	0	0	0	0	0	0	0	0	0
1981	1	2	0	0	1	-1	-1	100	1	0	0	0	0	0	0	0	0	0	0	0	0	0	0	0
1982	1	2	0	0	1	-1	-1	100	1	0	0	0	0	0	0	0	0	0	0	0	0	0	0	0
1983	1	2	0	0	1	-1	-1	100	1	0	0	0	0	0	0	0	0	0	0	0	0	0	0	0
1984	1	2	0	0	1	-1	-1	100	1	0	0	0	0	0	0	0	0	0	0	0	0	0	0	0
1985	1	2	0	0	1	-1	-1	100	1	0	0	0	0	0	0	0	0	0	0	0	0	0	0	0
1986	1	2	0	0	1	-1	-1	100	1	0	0	0	0	0	0	0	0	0	0	0	0	0	0	0
1987	1	2	0	0	1	-1	-1	100	1	0	0	0	0	0	0	0	0	0	0	0	0	0	0	0
1988	1	2	0	0	1	-1	-1	100	1	0	0	0	0	0	0	0	0	0	0	0	0	0	0	0
1989	1	2	0	0	1	-1	-1	100	1	0	0	0	0	0	0	0	0	0	0	0	0	0	0	0
1990	1	2	0	0	1	-1	-1	100	1	0	0	0	0	0	0	0	0	0	0	0	0	0	0	0
1991	1	2	0	0	1	-1	-1	100	1	0	0	0	0	0	0	0	0	0	0	0	0	0	0	0
1992	1	2	0	0	1	-1	-1	100	1	0	0	0	0	0	0	0	0	0	0	0	0	0	0	0
1993	1	2	0	0	1	-1	-1	100	1	0	0	0	0	0	0	0	0	0	0	0	0	0	0	0
1994	1	2	0	0	1	-1	-1	100	1	0	0	0	0	0	0	0	0	0	0	0	0	0	0	0
1995	1	2	0	0	1	-1	-1	100	1	0	0	0	0	0	0	0	0	0	0	0	0	0	0	0
1996	1	2	0	0	1	-1	-1	100	1	0	0	0	0	0	0	0	0	0	0	0	0	0	0	0
1997	1	2	0	0	1	-1	-1	100	1	0	0	0	0	0	0	0	0	0	0	0	0	0	0	0
1998	1	2	0	0	1	-1	-1	100	1	0	0	0	0	0	0	0	0	0	0	0	0	0	0	0
1999	1	2	0	0	1	-1	-1	100	1	0	0	0	0	0	0	0	0	0	0	0	0	0	0	0
2000	1	2	0	0	1	-1	-1	100	1	0	0	0	0	0	0	0	0	0	0	0	0	0	0	0
2001	1	2	0	0	1	-1	-1	100	1	0	0	0	0	0	0	0	0	0	0	0	0	0	0	0
2002	1	2	0	0	1	-1	-1	100	1	0	0	0	0	0	0	0	0	0	0	0	0	0	0	0
2003	1	2	0	0	1	-1	-1	100	1	0	0	0	0	0	0	0	0	0	0	0	0	0	0	0
2004	1	2	0	0	1	-1	-1	100	1	0	0	0	0	0	0	0	0	0	0	0	0	0	0	0
2005	1	2	0	0	1	-1	-1	100	1	0	0	0	0	0	0	0	0	0	0	0	0	0	0	0
2006	1	2	0	0	1	-1	-1	100	1	0	0	0	0	0	0	0	0	0	0	0	0	0	0	0
2007	1	2	0	0	1	-1	-1	100	1	0	0	0	0	0	0	0	0	0	0	0	0	0	0	0
2008	1	2	0	0	1	-1	-1	100	1	0	0	0	0	0	0	0	0	0	0	0	0	0	0	0
2009	1	2	0	0	1	-1	-1	100	1	0	0	0	0	0	0	0	0	0	0	0	0	0	0	0
2010	1	2	0	0	1	-1	-1	100	1	0	0	0	0	0	0	0	0	0	0	0	0	0	0	0
2011	1	2	0	0	1	-1	-1	100	1	0	0	0	0	0	0	0	0	0	0	0	0	0	0	0
2012	1	2	0	0	1	-1	-1	100	1	0	0	0	0	0	0	0	0	0	0	0	0	0	0	0

#
0 #_N_MeanSize-at-Age_obs
#Yr Seas Flt/Svy Gender Part Ageerr Ignore datavector(female-male)
#                                          samplesize(female-male)
0 #_N_environ_variables
0 #_N_environ_obs
0 # N sizefreq methods to read 

0 # no tag data 

0 # no morphcomp data 

999

ENDDATA
