#V3.24f
#C North Sea/Skagerrak/Eastern Channel Cod
################################################
## Roberto: TODO
## -0.001  #_comp_tail_compression (or -1 ??)
## 0  #_combine males into females at or below this bin number (see manual)
## 15 #_N_age_bins                                              (maybe I need to increase N_age_bins, see EM output )
## 1  #_Lbin_method: 1=poplenbins; 2=datalenbins; 3=lengths     (see manual)
## -1 #_combine males into females at or below this bin number  (see manual)
################################################
1913 #_styr
2012 #_endyr
1    #_nseas
12   #_months/season
1    #_spawn_seas
1    #_Nfleet
2    #_Nsurveys
1    #_N_areas
Fishery%Survey%CPUE
0.5 0.5 0.5  #_surveytiming_in_season
1 1 1        #_area_assignments_for_each_fishery_and_survey
1            #_units of catch:  1=bio; 2=num
0.01         #_se of log(catch) only used for init_eq_catch and for Fmethod 2 and 3; use -1 for discard only fleets1
1  #_Ngenders
25 #_Nages this accumulator age should be large enough so that little growth occurs after reaching this age
0  #_init_equil_catch_for_each_fishery
75 #_N_lines_of_catch_to_read
#_catch_biomass(mtons):_columns_are_fisheries,year,season
1	1938	1
1	1939	1
1	1940	1
1	1941	1
1	1942	1
1	1943	1
1	1944	1
1	1945	1
1	1946	1
1	1947	1
1	1948	1
1	1949	1
1	1950	1
1	1951	1
1	1952	1
1	1953	1
1	1954	1
1	1955	1
1	1956	1
1	1957	1
1	1958	1
1	1959	1
1	1960	1
1	1961	1
1	1962	1
1	1963	1
1	1964	1
1	1965	1
1	1966	1
1	1967	1
1	1968	1
1	1969	1
1	1970	1
1	1971	1
1	1972	1
1	1973	1
1	1974	1
1	1975	1
1	1976	1
1	1977	1
1	1978	1
1	1979	1
1	1980	1
1	1981	1
1	1982	1
1	1983	1
1	1984	1
1	1985	1
1	1986	1
1	1987	1
1	1988	1
1	1989	1
1	1990	1
1	1991	1
1	1992	1
1	1993	1
1	1994	1
1	1995	1
1	1996	1
1	1997	1
1	1998	1
1	1999	1
1	2000	1
1	2001	1
1	2002	1
1	2003	1
1	2004	1
1	2005	1
1	2006	1
1	2007	1
1	2008	1
1	2009	1
1	2010	1
1	2011	1
1	2012	1

150 #_N_cpue_and_surveyabundance_observations 
#_Units:  0=numbers; 1=biomass; 2=F 
#_Errtype:  -1=normal; 0=lognormal; >0=T
#_Fleet Units 	Errtype
1       1      0      # FISHERY
2       1      0      # SURVEY
3       1      0      # CPUE 

#_year seas  index     obs    se_log
1938	1	2	1	0.2
1939	1	2	1	0.2
1940	1	2	1	0.2
1941	1	2	1	0.2
1942	1	2	1	0.2
1943	1	2	1	0.2
1944	1	2	1	0.2
1945	1	2	1	0.2
1946	1	2	1	0.2
1947	1	2	1	0.2
1948	1	2	1	0.2
1949	1	2	1	0.2
1950	1	2	1	0.2
1951	1	2	1	0.2
1952	1	2	1	0.2
1953	1	2	1	0.2
1954	1	2	1	0.2
1955	1	2	1	0.2
1956	1	2	1	0.2
1957	1	2	1	0.2
1958	1	2	1	0.2
1959	1	2	1	0.2
1960	1	2	1	0.2
1961	1	2	1	0.2
1962	1	2	1	0.2
1963	1	2	1	0.2
1964	1	2	1	0.2
1965	1	2	1	0.2
1966	1	2	1	0.2
1967	1	2	1	0.2
1968	1	2	1	0.2
1969	1	2	1	0.2
1970	1	2	1	0.2
1971	1	2	1	0.2
1972	1	2	1	0.2
1973	1	2	1	0.2
1974	1	2	1	0.2
1975	1	2	1	0.2
1976	1	2	1	0.2
1977	1	2	1	0.2
1978	1	2	1	0.2
1979	1	2	1	0.2
1980	1	2	1	0.2
1981	1	2	1	0.2
1982	1	2	1	0.2
1983	1	2	1	0.2
1984	1	2	1	0.2
1985	1	2	1	0.2
1986	1	2	1	0.2
1987	1	2	1	0.2
1988	1	2	1	0.2
1989	1	2	1	0.2
1990	1	2	1	0.2
1991	1	2	1	0.2
1992	1	2	1	0.2
1993	1	2	1	0.2
1994	1	2	1	0.2
1995	1	2	1	0.2
1996	1	2	1	0.2
1997	1	2	1	0.2
1998	1	2	1	0.2
1999	1	2	1	0.2
2000	1	2	1	0.2
2001	1	2	1	0.2
2002	1	2	1	0.2
2003	1	2	1	0.2
2004	1	2	1	0.2
2005	1	2	1	0.2
2006	1	2	1	0.2
2007	1	2	1	0.2
2008	1	2	1	0.2
2009	1	2	1	0.2
2010	1	2	1	0.2
2011	1	2	1	0.2
2012	1	2	1	0.2

1938	1	3	1	0.4
1939	1	3	1	0.4
1940	1	3	1	0.4
1941	1	3	1	0.4
1942	1	3	1	0.4
1943	1	3	1	0.4
1944	1	3	1	0.4
1945	1	3	1	0.4
1946	1	3	1	0.4
1947	1	3	1	0.4
1948	1	3	1	0.4
1949	1	3	1	0.4
1950	1	3	1	0.4
1951	1	3	1	0.4
1952	1	3	1	0.4
1953	1	3	1	0.4
1954	1	3	1	0.4
1955	1	3	1	0.4
1956	1	3	1	0.4
1957	1	3	1	0.4
1958	1	3	1	0.4
1959	1	3	1	0.4
1960	1	3	1	0.4
1961	1	3	1	0.4
1962	1	3	1	0.4
1963	1	3	1	0.4
1964	1	3	1	0.4
1965	1	3	1	0.4
1966	1	3	1	0.4
1967	1	3	1	0.4
1968	1	3	1	0.4
1969	1	3	1	0.4
1970	1	3	1	0.4
1971	1	3	1	0.4
1972	1	3	1	0.4
1973	1	3	1	0.4
1974	1	3	1	0.4
1975	1	3	1	0.4
1976	1	3	1	0.4
1977	1	3	1	0.4
1978	1	3	1	0.4
1979	1	3	1	0.4
1980	1	3	1	0.4
1981	1	3	1	0.4
1982	1	3	1	0.4
1983	1	3	1	0.4
1984	1	3	1	0.4
1985	1	3	1	0.4
1986	1	3	1	0.4
1987	1	3	1	0.4
1988	1	3	1	0.4
1989	1	3	1	0.4
1990	1	3	1	0.4
1991	1	3	1	0.4
1992	1	3	1	0.4
1993	1	3	1	0.4
1994	1	3	1	0.4
1995	1	3	1	0.4
1996	1	3	1	0.4
1997	1	3	1	0.4
1998	1	3	1	0.4
1999	1	3	1	0.4
2000	1	3	1	0.4
2001	1	3	1	0.4
2002	1	3	1	0.4
2003	1	3	1	0.4
2004	1	3	1	0.4
2005	1	3	1	0.4
2006	1	3	1	0.4
2007	1	3	1	0.4
2008	1	3	1	0.4
2009	1	3	1	0.4
2010	1	3	1	0.4
2011	1	3	1	0.4
2012	1	3	1	0.4

0 #_N_discard_fleets
#_discard_units (1=same_as_catchunits(bio/num); 2=fraction; 3=numbers)
#_discard_errtype:  >0 for DF of T-dist(read CV below); 0 for normal with CV; -1 for normal with se; -2 for lognormal
#Fleet Disc_units err_type
0       #N discard obs
0	#_N_meanbodywt_obs
1	#_DF_for_meanbodywt_T-distribution_like
# These define the resolution at which the mean weight-at-length, maturity-at-length and size-selectivity are based.  Calculations use the mid-length of the population bins.
2 	# length bin method: 1=use databins; 2=generate from binwidth,min,max below; 3=read vector
2 	# binwidth for population size comp 
10 	# minimum size in the population (lower edge of first bin and size at age 0.00) 
200 	# maximum size in the population (lower edge of last bin)
-0.001  #_comp_tail_compression
0.00001 #_add_to_comp
0 	#_combine males into females at or below this bin number
45 	#_N_LengthBins 
# lower edge of each length data bin (in cm)
20	23	26	29	32	35	38	41	44	47	50	53	56	59	62	65	68	71	74	77	80	83	86	89	92	95	98	101	104	107	110	113	116	119	122	125	128	131	134	137	140	143	146	149	152
150     #_N_Length_obs

#Yr    Seas  Flt/Svy  Gender  Part    Nsamp	20	23	26	29	32	35	38	41	44	47	50	53	56	59	62	65	68	71	74	77	80	83	86	89	92	95	98	101	104	107	110	113	116	119	122	125	128	131	134	137	140	143	146	149	152
1938	1	1	0	0	100	1	1	1	1	1	1	1	1	1	1	1	1	1	1	1	1	1	1	1	1	1	1	1	1	1	1	1	1	1	1	1	1	1	1	1	1	1	1	1	1	1	1	1	1	1
1939	1	1	0	0	100	1	1	1	1	1	1	1	1	1	1	1	1	1	1	1	1	1	1	1	1	1	1	1	1	1	1	1	1	1	1	1	1	1	1	1	1	1	1	1	1	1	1	1	1	1
1940	1	1	0	0	100	1	1	1	1	1	1	1	1	1	1	1	1	1	1	1	1	1	1	1	1	1	1	1	1	1	1	1	1	1	1	1	1	1	1	1	1	1	1	1	1	1	1	1	1	1
1941	1	1	0	0	100	1	1	1	1	1	1	1	1	1	1	1	1	1	1	1	1	1	1	1	1	1	1	1	1	1	1	1	1	1	1	1	1	1	1	1	1	1	1	1	1	1	1	1	1	1
1942	1	1	0	0	100	1	1	1	1	1	1	1	1	1	1	1	1	1	1	1	1	1	1	1	1	1	1	1	1	1	1	1	1	1	1	1	1	1	1	1	1	1	1	1	1	1	1	1	1	1
1943	1	1	0	0	100	1	1	1	1	1	1	1	1	1	1	1	1	1	1	1	1	1	1	1	1	1	1	1	1	1	1	1	1	1	1	1	1	1	1	1	1	1	1	1	1	1	1	1	1	1
1944	1	1	0	0	100	1	1	1	1	1	1	1	1	1	1	1	1	1	1	1	1	1	1	1	1	1	1	1	1	1	1	1	1	1	1	1	1	1	1	1	1	1	1	1	1	1	1	1	1	1
1945	1	1	0	0	100	1	1	1	1	1	1	1	1	1	1	1	1	1	1	1	1	1	1	1	1	1	1	1	1	1	1	1	1	1	1	1	1	1	1	1	1	1	1	1	1	1	1	1	1	1
1946	1	1	0	0	100	1	1	1	1	1	1	1	1	1	1	1	1	1	1	1	1	1	1	1	1	1	1	1	1	1	1	1	1	1	1	1	1	1	1	1	1	1	1	1	1	1	1	1	1	1
1947	1	1	0	0	100	1	1	1	1	1	1	1	1	1	1	1	1	1	1	1	1	1	1	1	1	1	1	1	1	1	1	1	1	1	1	1	1	1	1	1	1	1	1	1	1	1	1	1	1	1
1948	1	1	0	0	100	1	1	1	1	1	1	1	1	1	1	1	1	1	1	1	1	1	1	1	1	1	1	1	1	1	1	1	1	1	1	1	1	1	1	1	1	1	1	1	1	1	1	1	1	1
1949	1	1	0	0	100	1	1	1	1	1	1	1	1	1	1	1	1	1	1	1	1	1	1	1	1	1	1	1	1	1	1	1	1	1	1	1	1	1	1	1	1	1	1	1	1	1	1	1	1	1
1950	1	1	0	0	100	1	1	1	1	1	1	1	1	1	1	1	1	1	1	1	1	1	1	1	1	1	1	1	1	1	1	1	1	1	1	1	1	1	1	1	1	1	1	1	1	1	1	1	1	1
1951	1	1	0	0	100	1	1	1	1	1	1	1	1	1	1	1	1	1	1	1	1	1	1	1	1	1	1	1	1	1	1	1	1	1	1	1	1	1	1	1	1	1	1	1	1	1	1	1	1	1
1952	1	1	0	0	100	1	1	1	1	1	1	1	1	1	1	1	1	1	1	1	1	1	1	1	1	1	1	1	1	1	1	1	1	1	1	1	1	1	1	1	1	1	1	1	1	1	1	1	1	1
1953	1	1	0	0	100	1	1	1	1	1	1	1	1	1	1	1	1	1	1	1	1	1	1	1	1	1	1	1	1	1	1	1	1	1	1	1	1	1	1	1	1	1	1	1	1	1	1	1	1	1
1954	1	1	0	0	100	1	1	1	1	1	1	1	1	1	1	1	1	1	1	1	1	1	1	1	1	1	1	1	1	1	1	1	1	1	1	1	1	1	1	1	1	1	1	1	1	1	1	1	1	1
1955	1	1	0	0	100	1	1	1	1	1	1	1	1	1	1	1	1	1	1	1	1	1	1	1	1	1	1	1	1	1	1	1	1	1	1	1	1	1	1	1	1	1	1	1	1	1	1	1	1	1
1956	1	1	0	0	100	1	1	1	1	1	1	1	1	1	1	1	1	1	1	1	1	1	1	1	1	1	1	1	1	1	1	1	1	1	1	1	1	1	1	1	1	1	1	1	1	1	1	1	1	1
1957	1	1	0	0	100	1	1	1	1	1	1	1	1	1	1	1	1	1	1	1	1	1	1	1	1	1	1	1	1	1	1	1	1	1	1	1	1	1	1	1	1	1	1	1	1	1	1	1	1	1
1958	1	1	0	0	100	1	1	1	1	1	1	1	1	1	1	1	1	1	1	1	1	1	1	1	1	1	1	1	1	1	1	1	1	1	1	1	1	1	1	1	1	1	1	1	1	1	1	1	1	1
1959	1	1	0	0	100	1	1	1	1	1	1	1	1	1	1	1	1	1	1	1	1	1	1	1	1	1	1	1	1	1	1	1	1	1	1	1	1	1	1	1	1	1	1	1	1	1	1	1	1	1
1960	1	1	0	0	100	1	1	1	1	1	1	1	1	1	1	1	1	1	1	1	1	1	1	1	1	1	1	1	1	1	1	1	1	1	1	1	1	1	1	1	1	1	1	1	1	1	1	1	1	1
1961	1	1	0	0	100	1	1	1	1	1	1	1	1	1	1	1	1	1	1	1	1	1	1	1	1	1	1	1	1	1	1	1	1	1	1	1	1	1	1	1	1	1	1	1	1	1	1	1	1	1
1962	1	1	0	0	100	1	1	1	1	1	1	1	1	1	1	1	1	1	1	1	1	1	1	1	1	1	1	1	1	1	1	1	1	1	1	1	1	1	1	1	1	1	1	1	1	1	1	1	1	1
1963	1	1	0	0	100	1	1	1	1	1	1	1	1	1	1	1	1	1	1	1	1	1	1	1	1	1	1	1	1	1	1	1	1	1	1	1	1	1	1	1	1	1	1	1	1	1	1	1	1	1
1964	1	1	0	0	100	1	1	1	1	1	1	1	1	1	1	1	1	1	1	1	1	1	1	1	1	1	1	1	1	1	1	1	1	1	1	1	1	1	1	1	1	1	1	1	1	1	1	1	1	1
1965	1	1	0	0	100	1	1	1	1	1	1	1	1	1	1	1	1	1	1	1	1	1	1	1	1	1	1	1	1	1	1	1	1	1	1	1	1	1	1	1	1	1	1	1	1	1	1	1	1	1
1966	1	1	0	0	100	1	1	1	1	1	1	1	1	1	1	1	1	1	1	1	1	1	1	1	1	1	1	1	1	1	1	1	1	1	1	1	1	1	1	1	1	1	1	1	1	1	1	1	1	1
1967	1	1	0	0	100	1	1	1	1	1	1	1	1	1	1	1	1	1	1	1	1	1	1	1	1	1	1	1	1	1	1	1	1	1	1	1	1	1	1	1	1	1	1	1	1	1	1	1	1	1
1968	1	1	0	0	100	1	1	1	1	1	1	1	1	1	1	1	1	1	1	1	1	1	1	1	1	1	1	1	1	1	1	1	1	1	1	1	1	1	1	1	1	1	1	1	1	1	1	1	1	1
1969	1	1	0	0	100	1	1	1	1	1	1	1	1	1	1	1	1	1	1	1	1	1	1	1	1	1	1	1	1	1	1	1	1	1	1	1	1	1	1	1	1	1	1	1	1	1	1	1	1	1
1970	1	1	0	0	100	1	1	1	1	1	1	1	1	1	1	1	1	1	1	1	1	1	1	1	1	1	1	1	1	1	1	1	1	1	1	1	1	1	1	1	1	1	1	1	1	1	1	1	1	1
1971	1	1	0	0	100	1	1	1	1	1	1	1	1	1	1	1	1	1	1	1	1	1	1	1	1	1	1	1	1	1	1	1	1	1	1	1	1	1	1	1	1	1	1	1	1	1	1	1	1	1
1972	1	1	0	0	100	1	1	1	1	1	1	1	1	1	1	1	1	1	1	1	1	1	1	1	1	1	1	1	1	1	1	1	1	1	1	1	1	1	1	1	1	1	1	1	1	1	1	1	1	1
1973	1	1	0	0	100	1	1	1	1	1	1	1	1	1	1	1	1	1	1	1	1	1	1	1	1	1	1	1	1	1	1	1	1	1	1	1	1	1	1	1	1	1	1	1	1	1	1	1	1	1
1974	1	1	0	0	100	1	1	1	1	1	1	1	1	1	1	1	1	1	1	1	1	1	1	1	1	1	1	1	1	1	1	1	1	1	1	1	1	1	1	1	1	1	1	1	1	1	1	1	1	1
1975	1	1	0	0	100	1	1	1	1	1	1	1	1	1	1	1	1	1	1	1	1	1	1	1	1	1	1	1	1	1	1	1	1	1	1	1	1	1	1	1	1	1	1	1	1	1	1	1	1	1
1976	1	1	0	0	100	1	1	1	1	1	1	1	1	1	1	1	1	1	1	1	1	1	1	1	1	1	1	1	1	1	1	1	1	1	1	1	1	1	1	1	1	1	1	1	1	1	1	1	1	1
1977	1	1	0	0	100	1	1	1	1	1	1	1	1	1	1	1	1	1	1	1	1	1	1	1	1	1	1	1	1	1	1	1	1	1	1	1	1	1	1	1	1	1	1	1	1	1	1	1	1	1
1978	1	1	0	0	100	1	1	1	1	1	1	1	1	1	1	1	1	1	1	1	1	1	1	1	1	1	1	1	1	1	1	1	1	1	1	1	1	1	1	1	1	1	1	1	1	1	1	1	1	1
1979	1	1	0	0	100	1	1	1	1	1	1	1	1	1	1	1	1	1	1	1	1	1	1	1	1	1	1	1	1	1	1	1	1	1	1	1	1	1	1	1	1	1	1	1	1	1	1	1	1	1
1980	1	1	0	0	100	1	1	1	1	1	1	1	1	1	1	1	1	1	1	1	1	1	1	1	1	1	1	1	1	1	1	1	1	1	1	1	1	1	1	1	1	1	1	1	1	1	1	1	1	1
1981	1	1	0	0	100	1	1	1	1	1	1	1	1	1	1	1	1	1	1	1	1	1	1	1	1	1	1	1	1	1	1	1	1	1	1	1	1	1	1	1	1	1	1	1	1	1	1	1	1	1
1982	1	1	0	0	100	1	1	1	1	1	1	1	1	1	1	1	1	1	1	1	1	1	1	1	1	1	1	1	1	1	1	1	1	1	1	1	1	1	1	1	1	1	1	1	1	1	1	1	1	1
1983	1	1	0	0	100	1	1	1	1	1	1	1	1	1	1	1	1	1	1	1	1	1	1	1	1	1	1	1	1	1	1	1	1	1	1	1	1	1	1	1	1	1	1	1	1	1	1	1	1	1
1984	1	1	0	0	100	1	1	1	1	1	1	1	1	1	1	1	1	1	1	1	1	1	1	1	1	1	1	1	1	1	1	1	1	1	1	1	1	1	1	1	1	1	1	1	1	1	1	1	1	1
1985	1	1	0	0	100	1	1	1	1	1	1	1	1	1	1	1	1	1	1	1	1	1	1	1	1	1	1	1	1	1	1	1	1	1	1	1	1	1	1	1	1	1	1	1	1	1	1	1	1	1
1986	1	1	0	0	100	1	1	1	1	1	1	1	1	1	1	1	1	1	1	1	1	1	1	1	1	1	1	1	1	1	1	1	1	1	1	1	1	1	1	1	1	1	1	1	1	1	1	1	1	1
1987	1	1	0	0	100	1	1	1	1	1	1	1	1	1	1	1	1	1	1	1	1	1	1	1	1	1	1	1	1	1	1	1	1	1	1	1	1	1	1	1	1	1	1	1	1	1	1	1	1	1
1988	1	1	0	0	100	1	1	1	1	1	1	1	1	1	1	1	1	1	1	1	1	1	1	1	1	1	1	1	1	1	1	1	1	1	1	1	1	1	1	1	1	1	1	1	1	1	1	1	1	1
1989	1	1	0	0	100	1	1	1	1	1	1	1	1	1	1	1	1	1	1	1	1	1	1	1	1	1	1	1	1	1	1	1	1	1	1	1	1	1	1	1	1	1	1	1	1	1	1	1	1	1
1990	1	1	0	0	100	1	1	1	1	1	1	1	1	1	1	1	1	1	1	1	1	1	1	1	1	1	1	1	1	1	1	1	1	1	1	1	1	1	1	1	1	1	1	1	1	1	1	1	1	1
1991	1	1	0	0	100	1	1	1	1	1	1	1	1	1	1	1	1	1	1	1	1	1	1	1	1	1	1	1	1	1	1	1	1	1	1	1	1	1	1	1	1	1	1	1	1	1	1	1	1	1
1992	1	1	0	0	100	1	1	1	1	1	1	1	1	1	1	1	1	1	1	1	1	1	1	1	1	1	1	1	1	1	1	1	1	1	1	1	1	1	1	1	1	1	1	1	1	1	1	1	1	1
1993	1	1	0	0	100	1	1	1	1	1	1	1	1	1	1	1	1	1	1	1	1	1	1	1	1	1	1	1	1	1	1	1	1	1	1	1	1	1	1	1	1	1	1	1	1	1	1	1	1	1
1994	1	1	0	0	100	1	1	1	1	1	1	1	1	1	1	1	1	1	1	1	1	1	1	1	1	1	1	1	1	1	1	1	1	1	1	1	1	1	1	1	1	1	1	1	1	1	1	1	1	1
1995	1	1	0	0	100	1	1	1	1	1	1	1	1	1	1	1	1	1	1	1	1	1	1	1	1	1	1	1	1	1	1	1	1	1	1	1	1	1	1	1	1	1	1	1	1	1	1	1	1	1
1996	1	1	0	0	100	1	1	1	1	1	1	1	1	1	1	1	1	1	1	1	1	1	1	1	1	1	1	1	1	1	1	1	1	1	1	1	1	1	1	1	1	1	1	1	1	1	1	1	1	1
1997	1	1	0	0	100	1	1	1	1	1	1	1	1	1	1	1	1	1	1	1	1	1	1	1	1	1	1	1	1	1	1	1	1	1	1	1	1	1	1	1	1	1	1	1	1	1	1	1	1	1
1998	1	1	0	0	100	1	1	1	1	1	1	1	1	1	1	1	1	1	1	1	1	1	1	1	1	1	1	1	1	1	1	1	1	1	1	1	1	1	1	1	1	1	1	1	1	1	1	1	1	1
1999	1	1	0	0	100	1	1	1	1	1	1	1	1	1	1	1	1	1	1	1	1	1	1	1	1	1	1	1	1	1	1	1	1	1	1	1	1	1	1	1	1	1	1	1	1	1	1	1	1	1
2000	1	1	0	0	100	1	1	1	1	1	1	1	1	1	1	1	1	1	1	1	1	1	1	1	1	1	1	1	1	1	1	1	1	1	1	1	1	1	1	1	1	1	1	1	1	1	1	1	1	1
2001	1	1	0	0	100	1	1	1	1	1	1	1	1	1	1	1	1	1	1	1	1	1	1	1	1	1	1	1	1	1	1	1	1	1	1	1	1	1	1	1	1	1	1	1	1	1	1	1	1	1
2002	1	1	0	0	100	1	1	1	1	1	1	1	1	1	1	1	1	1	1	1	1	1	1	1	1	1	1	1	1	1	1	1	1	1	1	1	1	1	1	1	1	1	1	1	1	1	1	1	1	1
2003	1	1	0	0	100	1	1	1	1	1	1	1	1	1	1	1	1	1	1	1	1	1	1	1	1	1	1	1	1	1	1	1	1	1	1	1	1	1	1	1	1	1	1	1	1	1	1	1	1	1
2004	1	1	0	0	100	1	1	1	1	1	1	1	1	1	1	1	1	1	1	1	1	1	1	1	1	1	1	1	1	1	1	1	1	1	1	1	1	1	1	1	1	1	1	1	1	1	1	1	1	1
2005	1	1	0	0	100	1	1	1	1	1	1	1	1	1	1	1	1	1	1	1	1	1	1	1	1	1	1	1	1	1	1	1	1	1	1	1	1	1	1	1	1	1	1	1	1	1	1	1	1	1
2006	1	1	0	0	100	1	1	1	1	1	1	1	1	1	1	1	1	1	1	1	1	1	1	1	1	1	1	1	1	1	1	1	1	1	1	1	1	1	1	1	1	1	1	1	1	1	1	1	1	1
2007	1	1	0	0	100	1	1	1	1	1	1	1	1	1	1	1	1	1	1	1	1	1	1	1	1	1	1	1	1	1	1	1	1	1	1	1	1	1	1	1	1	1	1	1	1	1	1	1	1	1
2008	1	1	0	0	100	1	1	1	1	1	1	1	1	1	1	1	1	1	1	1	1	1	1	1	1	1	1	1	1	1	1	1	1	1	1	1	1	1	1	1	1	1	1	1	1	1	1	1	1	1
2009	1	1	0	0	100	1	1	1	1	1	1	1	1	1	1	1	1	1	1	1	1	1	1	1	1	1	1	1	1	1	1	1	1	1	1	1	1	1	1	1	1	1	1	1	1	1	1	1	1	1
2010	1	1	0	0	100	1	1	1	1	1	1	1	1	1	1	1	1	1	1	1	1	1	1	1	1	1	1	1	1	1	1	1	1	1	1	1	1	1	1	1	1	1	1	1	1	1	1	1	1	1
2011	1	1	0	0	100	1	1	1	1	1	1	1	1	1	1	1	1	1	1	1	1	1	1	1	1	1	1	1	1	1	1	1	1	1	1	1	1	1	1	1	1	1	1	1	1	1	1	1	1	1
2012	1	1	0	0	100	1	1	1	1	1	1	1	1	1	1	1	1	1	1	1	1	1	1	1	1	1	1	1	1	1	1	1	1	1	1	1	1	1	1	1	1	1	1	1	1	1	1	1	1	1
																																																		
1938	1	2	0	0	100	1	1	1	1	1	1	1	1	1	1	1	1	1	1	1	1	1	1	1	1	1	1	1	1	1	1	1	1	1	1	1	1	1	1	1	1	1	1	1	1	1	1	1	1	1
1939	1	2	0	0	100	1	1	1	1	1	1	1	1	1	1	1	1	1	1	1	1	1	1	1	1	1	1	1	1	1	1	1	1	1	1	1	1	1	1	1	1	1	1	1	1	1	1	1	1	1
1940	1	2	0	0	100	1	1	1	1	1	1	1	1	1	1	1	1	1	1	1	1	1	1	1	1	1	1	1	1	1	1	1	1	1	1	1	1	1	1	1	1	1	1	1	1	1	1	1	1	1
1941	1	2	0	0	100	1	1	1	1	1	1	1	1	1	1	1	1	1	1	1	1	1	1	1	1	1	1	1	1	1	1	1	1	1	1	1	1	1	1	1	1	1	1	1	1	1	1	1	1	1
1942	1	2	0	0	100	1	1	1	1	1	1	1	1	1	1	1	1	1	1	1	1	1	1	1	1	1	1	1	1	1	1	1	1	1	1	1	1	1	1	1	1	1	1	1	1	1	1	1	1	1
1943	1	2	0	0	100	1	1	1	1	1	1	1	1	1	1	1	1	1	1	1	1	1	1	1	1	1	1	1	1	1	1	1	1	1	1	1	1	1	1	1	1	1	1	1	1	1	1	1	1	1
1944	1	2	0	0	100	1	1	1	1	1	1	1	1	1	1	1	1	1	1	1	1	1	1	1	1	1	1	1	1	1	1	1	1	1	1	1	1	1	1	1	1	1	1	1	1	1	1	1	1	1
1945	1	2	0	0	100	1	1	1	1	1	1	1	1	1	1	1	1	1	1	1	1	1	1	1	1	1	1	1	1	1	1	1	1	1	1	1	1	1	1	1	1	1	1	1	1	1	1	1	1	1
1946	1	2	0	0	100	1	1	1	1	1	1	1	1	1	1	1	1	1	1	1	1	1	1	1	1	1	1	1	1	1	1	1	1	1	1	1	1	1	1	1	1	1	1	1	1	1	1	1	1	1
1947	1	2	0	0	100	1	1	1	1	1	1	1	1	1	1	1	1	1	1	1	1	1	1	1	1	1	1	1	1	1	1	1	1	1	1	1	1	1	1	1	1	1	1	1	1	1	1	1	1	1
1948	1	2	0	0	100	1	1	1	1	1	1	1	1	1	1	1	1	1	1	1	1	1	1	1	1	1	1	1	1	1	1	1	1	1	1	1	1	1	1	1	1	1	1	1	1	1	1	1	1	1
1949	1	2	0	0	100	1	1	1	1	1	1	1	1	1	1	1	1	1	1	1	1	1	1	1	1	1	1	1	1	1	1	1	1	1	1	1	1	1	1	1	1	1	1	1	1	1	1	1	1	1
1950	1	2	0	0	100	1	1	1	1	1	1	1	1	1	1	1	1	1	1	1	1	1	1	1	1	1	1	1	1	1	1	1	1	1	1	1	1	1	1	1	1	1	1	1	1	1	1	1	1	1
1951	1	2	0	0	100	1	1	1	1	1	1	1	1	1	1	1	1	1	1	1	1	1	1	1	1	1	1	1	1	1	1	1	1	1	1	1	1	1	1	1	1	1	1	1	1	1	1	1	1	1
1952	1	2	0	0	100	1	1	1	1	1	1	1	1	1	1	1	1	1	1	1	1	1	1	1	1	1	1	1	1	1	1	1	1	1	1	1	1	1	1	1	1	1	1	1	1	1	1	1	1	1
1953	1	2	0	0	100	1	1	1	1	1	1	1	1	1	1	1	1	1	1	1	1	1	1	1	1	1	1	1	1	1	1	1	1	1	1	1	1	1	1	1	1	1	1	1	1	1	1	1	1	1
1954	1	2	0	0	100	1	1	1	1	1	1	1	1	1	1	1	1	1	1	1	1	1	1	1	1	1	1	1	1	1	1	1	1	1	1	1	1	1	1	1	1	1	1	1	1	1	1	1	1	1
1955	1	2	0	0	100	1	1	1	1	1	1	1	1	1	1	1	1	1	1	1	1	1	1	1	1	1	1	1	1	1	1	1	1	1	1	1	1	1	1	1	1	1	1	1	1	1	1	1	1	1
1956	1	2	0	0	100	1	1	1	1	1	1	1	1	1	1	1	1	1	1	1	1	1	1	1	1	1	1	1	1	1	1	1	1	1	1	1	1	1	1	1	1	1	1	1	1	1	1	1	1	1
1957	1	2	0	0	100	1	1	1	1	1	1	1	1	1	1	1	1	1	1	1	1	1	1	1	1	1	1	1	1	1	1	1	1	1	1	1	1	1	1	1	1	1	1	1	1	1	1	1	1	1
1958	1	2	0	0	100	1	1	1	1	1	1	1	1	1	1	1	1	1	1	1	1	1	1	1	1	1	1	1	1	1	1	1	1	1	1	1	1	1	1	1	1	1	1	1	1	1	1	1	1	1
1959	1	2	0	0	100	1	1	1	1	1	1	1	1	1	1	1	1	1	1	1	1	1	1	1	1	1	1	1	1	1	1	1	1	1	1	1	1	1	1	1	1	1	1	1	1	1	1	1	1	1
1960	1	2	0	0	100	1	1	1	1	1	1	1	1	1	1	1	1	1	1	1	1	1	1	1	1	1	1	1	1	1	1	1	1	1	1	1	1	1	1	1	1	1	1	1	1	1	1	1	1	1
1961	1	2	0	0	100	1	1	1	1	1	1	1	1	1	1	1	1	1	1	1	1	1	1	1	1	1	1	1	1	1	1	1	1	1	1	1	1	1	1	1	1	1	1	1	1	1	1	1	1	1
1962	1	2	0	0	100	1	1	1	1	1	1	1	1	1	1	1	1	1	1	1	1	1	1	1	1	1	1	1	1	1	1	1	1	1	1	1	1	1	1	1	1	1	1	1	1	1	1	1	1	1
1963	1	2	0	0	100	1	1	1	1	1	1	1	1	1	1	1	1	1	1	1	1	1	1	1	1	1	1	1	1	1	1	1	1	1	1	1	1	1	1	1	1	1	1	1	1	1	1	1	1	1
1964	1	2	0	0	100	1	1	1	1	1	1	1	1	1	1	1	1	1	1	1	1	1	1	1	1	1	1	1	1	1	1	1	1	1	1	1	1	1	1	1	1	1	1	1	1	1	1	1	1	1
1965	1	2	0	0	100	1	1	1	1	1	1	1	1	1	1	1	1	1	1	1	1	1	1	1	1	1	1	1	1	1	1	1	1	1	1	1	1	1	1	1	1	1	1	1	1	1	1	1	1	1
1966	1	2	0	0	100	1	1	1	1	1	1	1	1	1	1	1	1	1	1	1	1	1	1	1	1	1	1	1	1	1	1	1	1	1	1	1	1	1	1	1	1	1	1	1	1	1	1	1	1	1
1967	1	2	0	0	100	1	1	1	1	1	1	1	1	1	1	1	1	1	1	1	1	1	1	1	1	1	1	1	1	1	1	1	1	1	1	1	1	1	1	1	1	1	1	1	1	1	1	1	1	1
1968	1	2	0	0	100	1	1	1	1	1	1	1	1	1	1	1	1	1	1	1	1	1	1	1	1	1	1	1	1	1	1	1	1	1	1	1	1	1	1	1	1	1	1	1	1	1	1	1	1	1
1969	1	2	0	0	100	1	1	1	1	1	1	1	1	1	1	1	1	1	1	1	1	1	1	1	1	1	1	1	1	1	1	1	1	1	1	1	1	1	1	1	1	1	1	1	1	1	1	1	1	1
1970	1	2	0	0	100	1	1	1	1	1	1	1	1	1	1	1	1	1	1	1	1	1	1	1	1	1	1	1	1	1	1	1	1	1	1	1	1	1	1	1	1	1	1	1	1	1	1	1	1	1
1971	1	2	0	0	100	1	1	1	1	1	1	1	1	1	1	1	1	1	1	1	1	1	1	1	1	1	1	1	1	1	1	1	1	1	1	1	1	1	1	1	1	1	1	1	1	1	1	1	1	1
1972	1	2	0	0	100	1	1	1	1	1	1	1	1	1	1	1	1	1	1	1	1	1	1	1	1	1	1	1	1	1	1	1	1	1	1	1	1	1	1	1	1	1	1	1	1	1	1	1	1	1
1973	1	2	0	0	100	1	1	1	1	1	1	1	1	1	1	1	1	1	1	1	1	1	1	1	1	1	1	1	1	1	1	1	1	1	1	1	1	1	1	1	1	1	1	1	1	1	1	1	1	1
1974	1	2	0	0	100	1	1	1	1	1	1	1	1	1	1	1	1	1	1	1	1	1	1	1	1	1	1	1	1	1	1	1	1	1	1	1	1	1	1	1	1	1	1	1	1	1	1	1	1	1
1975	1	2	0	0	100	1	1	1	1	1	1	1	1	1	1	1	1	1	1	1	1	1	1	1	1	1	1	1	1	1	1	1	1	1	1	1	1	1	1	1	1	1	1	1	1	1	1	1	1	1
1976	1	2	0	0	100	1	1	1	1	1	1	1	1	1	1	1	1	1	1	1	1	1	1	1	1	1	1	1	1	1	1	1	1	1	1	1	1	1	1	1	1	1	1	1	1	1	1	1	1	1
1977	1	2	0	0	100	1	1	1	1	1	1	1	1	1	1	1	1	1	1	1	1	1	1	1	1	1	1	1	1	1	1	1	1	1	1	1	1	1	1	1	1	1	1	1	1	1	1	1	1	1
1978	1	2	0	0	100	1	1	1	1	1	1	1	1	1	1	1	1	1	1	1	1	1	1	1	1	1	1	1	1	1	1	1	1	1	1	1	1	1	1	1	1	1	1	1	1	1	1	1	1	1
1979	1	2	0	0	100	1	1	1	1	1	1	1	1	1	1	1	1	1	1	1	1	1	1	1	1	1	1	1	1	1	1	1	1	1	1	1	1	1	1	1	1	1	1	1	1	1	1	1	1	1
1980	1	2	0	0	100	1	1	1	1	1	1	1	1	1	1	1	1	1	1	1	1	1	1	1	1	1	1	1	1	1	1	1	1	1	1	1	1	1	1	1	1	1	1	1	1	1	1	1	1	1
1981	1	2	0	0	100	1	1	1	1	1	1	1	1	1	1	1	1	1	1	1	1	1	1	1	1	1	1	1	1	1	1	1	1	1	1	1	1	1	1	1	1	1	1	1	1	1	1	1	1	1
1982	1	2	0	0	100	1	1	1	1	1	1	1	1	1	1	1	1	1	1	1	1	1	1	1	1	1	1	1	1	1	1	1	1	1	1	1	1	1	1	1	1	1	1	1	1	1	1	1	1	1
1983	1	2	0	0	100	1	1	1	1	1	1	1	1	1	1	1	1	1	1	1	1	1	1	1	1	1	1	1	1	1	1	1	1	1	1	1	1	1	1	1	1	1	1	1	1	1	1	1	1	1
1984	1	2	0	0	100	1	1	1	1	1	1	1	1	1	1	1	1	1	1	1	1	1	1	1	1	1	1	1	1	1	1	1	1	1	1	1	1	1	1	1	1	1	1	1	1	1	1	1	1	1
1985	1	2	0	0	100	1	1	1	1	1	1	1	1	1	1	1	1	1	1	1	1	1	1	1	1	1	1	1	1	1	1	1	1	1	1	1	1	1	1	1	1	1	1	1	1	1	1	1	1	1
1986	1	2	0	0	100	1	1	1	1	1	1	1	1	1	1	1	1	1	1	1	1	1	1	1	1	1	1	1	1	1	1	1	1	1	1	1	1	1	1	1	1	1	1	1	1	1	1	1	1	1
1987	1	2	0	0	100	1	1	1	1	1	1	1	1	1	1	1	1	1	1	1	1	1	1	1	1	1	1	1	1	1	1	1	1	1	1	1	1	1	1	1	1	1	1	1	1	1	1	1	1	1
1988	1	2	0	0	100	1	1	1	1	1	1	1	1	1	1	1	1	1	1	1	1	1	1	1	1	1	1	1	1	1	1	1	1	1	1	1	1	1	1	1	1	1	1	1	1	1	1	1	1	1
1989	1	2	0	0	100	1	1	1	1	1	1	1	1	1	1	1	1	1	1	1	1	1	1	1	1	1	1	1	1	1	1	1	1	1	1	1	1	1	1	1	1	1	1	1	1	1	1	1	1	1
1990	1	2	0	0	100	1	1	1	1	1	1	1	1	1	1	1	1	1	1	1	1	1	1	1	1	1	1	1	1	1	1	1	1	1	1	1	1	1	1	1	1	1	1	1	1	1	1	1	1	1
1991	1	2	0	0	100	1	1	1	1	1	1	1	1	1	1	1	1	1	1	1	1	1	1	1	1	1	1	1	1	1	1	1	1	1	1	1	1	1	1	1	1	1	1	1	1	1	1	1	1	1
1992	1	2	0	0	100	1	1	1	1	1	1	1	1	1	1	1	1	1	1	1	1	1	1	1	1	1	1	1	1	1	1	1	1	1	1	1	1	1	1	1	1	1	1	1	1	1	1	1	1	1
1993	1	2	0	0	100	1	1	1	1	1	1	1	1	1	1	1	1	1	1	1	1	1	1	1	1	1	1	1	1	1	1	1	1	1	1	1	1	1	1	1	1	1	1	1	1	1	1	1	1	1
1994	1	2	0	0	100	1	1	1	1	1	1	1	1	1	1	1	1	1	1	1	1	1	1	1	1	1	1	1	1	1	1	1	1	1	1	1	1	1	1	1	1	1	1	1	1	1	1	1	1	1
1995	1	2	0	0	100	1	1	1	1	1	1	1	1	1	1	1	1	1	1	1	1	1	1	1	1	1	1	1	1	1	1	1	1	1	1	1	1	1	1	1	1	1	1	1	1	1	1	1	1	1
1996	1	2	0	0	100	1	1	1	1	1	1	1	1	1	1	1	1	1	1	1	1	1	1	1	1	1	1	1	1	1	1	1	1	1	1	1	1	1	1	1	1	1	1	1	1	1	1	1	1	1
1997	1	2	0	0	100	1	1	1	1	1	1	1	1	1	1	1	1	1	1	1	1	1	1	1	1	1	1	1	1	1	1	1	1	1	1	1	1	1	1	1	1	1	1	1	1	1	1	1	1	1
1998	1	2	0	0	100	1	1	1	1	1	1	1	1	1	1	1	1	1	1	1	1	1	1	1	1	1	1	1	1	1	1	1	1	1	1	1	1	1	1	1	1	1	1	1	1	1	1	1	1	1
1999	1	2	0	0	100	1	1	1	1	1	1	1	1	1	1	1	1	1	1	1	1	1	1	1	1	1	1	1	1	1	1	1	1	1	1	1	1	1	1	1	1	1	1	1	1	1	1	1	1	1
2000	1	2	0	0	100	1	1	1	1	1	1	1	1	1	1	1	1	1	1	1	1	1	1	1	1	1	1	1	1	1	1	1	1	1	1	1	1	1	1	1	1	1	1	1	1	1	1	1	1	1
2001	1	2	0	0	100	1	1	1	1	1	1	1	1	1	1	1	1	1	1	1	1	1	1	1	1	1	1	1	1	1	1	1	1	1	1	1	1	1	1	1	1	1	1	1	1	1	1	1	1	1
2002	1	2	0	0	100	1	1	1	1	1	1	1	1	1	1	1	1	1	1	1	1	1	1	1	1	1	1	1	1	1	1	1	1	1	1	1	1	1	1	1	1	1	1	1	1	1	1	1	1	1
2003	1	2	0	0	100	1	1	1	1	1	1	1	1	1	1	1	1	1	1	1	1	1	1	1	1	1	1	1	1	1	1	1	1	1	1	1	1	1	1	1	1	1	1	1	1	1	1	1	1	1
2004	1	2	0	0	100	1	1	1	1	1	1	1	1	1	1	1	1	1	1	1	1	1	1	1	1	1	1	1	1	1	1	1	1	1	1	1	1	1	1	1	1	1	1	1	1	1	1	1	1	1
2005	1	2	0	0	100	1	1	1	1	1	1	1	1	1	1	1	1	1	1	1	1	1	1	1	1	1	1	1	1	1	1	1	1	1	1	1	1	1	1	1	1	1	1	1	1	1	1	1	1	1
2006	1	2	0	0	100	1	1	1	1	1	1	1	1	1	1	1	1	1	1	1	1	1	1	1	1	1	1	1	1	1	1	1	1	1	1	1	1	1	1	1	1	1	1	1	1	1	1	1	1	1
2007	1	2	0	0	100	1	1	1	1	1	1	1	1	1	1	1	1	1	1	1	1	1	1	1	1	1	1	1	1	1	1	1	1	1	1	1	1	1	1	1	1	1	1	1	1	1	1	1	1	1
2008	1	2	0	0	100	1	1	1	1	1	1	1	1	1	1	1	1	1	1	1	1	1	1	1	1	1	1	1	1	1	1	1	1	1	1	1	1	1	1	1	1	1	1	1	1	1	1	1	1	1
2009	1	2	0	0	100	1	1	1	1	1	1	1	1	1	1	1	1	1	1	1	1	1	1	1	1	1	1	1	1	1	1	1	1	1	1	1	1	1	1	1	1	1	1	1	1	1	1	1	1	1
2010	1	2	0	0	100	1	1	1	1	1	1	1	1	1	1	1	1	1	1	1	1	1	1	1	1	1	1	1	1	1	1	1	1	1	1	1	1	1	1	1	1	1	1	1	1	1	1	1	1	1
2011	1	2	0	0	100	1	1	1	1	1	1	1	1	1	1	1	1	1	1	1	1	1	1	1	1	1	1	1	1	1	1	1	1	1	1	1	1	1	1	1	1	1	1	1	1	1	1	1	1	1
2012	1	2	0	0	100	1	1	1	1	1	1	1	1	1	1	1	1	1	1	1	1	1	1	1	1	1	1	1	1	1	1	1	1	1	1	1	1	1	1	1	1	1	1	1	1	1	1	1	1	1

15 #_N_age_bins   
1 2 3 4 5 6 7 8 9 10 11 12 13 14 15
1 #_N_ageerror_definitions   
-1	-1	-1	-1	-1	-1	-1	-1	-1	-1	-1	-1	-1	-1	-1	-1	-1	-1	-1	-1	-1	-1	-1	-1	-1	-1
0.001	0.001	0.001	0.001	0.001	0.001	0.001	0.001	0.001	0.001	0.001	0.001	0.001	0.001	0.001	0.001	0.001	0.001	0.001	0.001	0.001	0.001	0.001	0.001	0.001	0.001
150 #_N_Agecomp_obs
1   #_Lbin_method: 1=poplenbins; 2=datalenbins; 3=lengths
-1  #_combine males into females at or below this bin number

#Yr   Seas   Flt/Svy Gender   Part   Ageerr  Lbin_lo Lbin_hi Nsamp  datavector(female, then male)
#Fishery																							
1938	1	1	0	0	1	-1	-1	100	1	1	1	1	1	1	1	1	1	1	1	1	1	1	1
1939	1	1	0	0	1	-1	-1	100	1	1	1	1	1	1	1	1	1	1	1	1	1	1	1
1940	1	1	0	0	1	-1	-1	100	1	1	1	1	1	1	1	1	1	1	1	1	1	1	1
1941	1	1	0	0	1	-1	-1	100	1	1	1	1	1	1	1	1	1	1	1	1	1	1	1
1942	1	1	0	0	1	-1	-1	100	1	1	1	1	1	1	1	1	1	1	1	1	1	1	1
1943	1	1	0	0	1	-1	-1	100	1	1	1	1	1	1	1	1	1	1	1	1	1	1	1
1944	1	1	0	0	1	-1	-1	100	1	1	1	1	1	1	1	1	1	1	1	1	1	1	1
1945	1	1	0	0	1	-1	-1	100	1	1	1	1	1	1	1	1	1	1	1	1	1	1	1
1946	1	1	0	0	1	-1	-1	100	1	1	1	1	1	1	1	1	1	1	1	1	1	1	1
1947	1	1	0	0	1	-1	-1	100	1	1	1	1	1	1	1	1	1	1	1	1	1	1	1
1948	1	1	0	0	1	-1	-1	100	1	1	1	1	1	1	1	1	1	1	1	1	1	1	1
1949	1	1	0	0	1	-1	-1	100	1	1	1	1	1	1	1	1	1	1	1	1	1	1	1
1950	1	1	0	0	1	-1	-1	100	1	1	1	1	1	1	1	1	1	1	1	1	1	1	1
1951	1	1	0	0	1	-1	-1	100	1	1	1	1	1	1	1	1	1	1	1	1	1	1	1
1952	1	1	0	0	1	-1	-1	100	1	1	1	1	1	1	1	1	1	1	1	1	1	1	1
1953	1	1	0	0	1	-1	-1	100	1	1	1	1	1	1	1	1	1	1	1	1	1	1	1
1954	1	1	0	0	1	-1	-1	100	1	1	1	1	1	1	1	1	1	1	1	1	1	1	1
1955	1	1	0	0	1	-1	-1	100	1	1	1	1	1	1	1	1	1	1	1	1	1	1	1
1956	1	1	0	0	1	-1	-1	100	1	1	1	1	1	1	1	1	1	1	1	1	1	1	1
1957	1	1	0	0	1	-1	-1	100	1	1	1	1	1	1	1	1	1	1	1	1	1	1	1
1958	1	1	0	0	1	-1	-1	100	1	1	1	1	1	1	1	1	1	1	1	1	1	1	1
1959	1	1	0	0	1	-1	-1	100	1	1	1	1	1	1	1	1	1	1	1	1	1	1	1
1960	1	1	0	0	1	-1	-1	100	1	1	1	1	1	1	1	1	1	1	1	1	1	1	1
1961	1	1	0	0	1	-1	-1	100	1	1	1	1	1	1	1	1	1	1	1	1	1	1	1
1962	1	1	0	0	1	-1	-1	100	1	1	1	1	1	1	1	1	1	1	1	1	1	1	1
1963	1	1	0	0	1	-1	-1	100	1	1	1	1	1	1	1	1	1	1	1	1	1	1	1
1964	1	1	0	0	1	-1	-1	100	1	1	1	1	1	1	1	1	1	1	1	1	1	1	1
1965	1	1	0	0	1	-1	-1	100	1	1	1	1	1	1	1	1	1	1	1	1	1	1	1
1966	1	1	0	0	1	-1	-1	100	1	1	1	1	1	1	1	1	1	1	1	1	1	1	1
1967	1	1	0	0	1	-1	-1	100	1	1	1	1	1	1	1	1	1	1	1	1	1	1	1
1968	1	1	0	0	1	-1	-1	100	1	1	1	1	1	1	1	1	1	1	1	1	1	1	1
1969	1	1	0	0	1	-1	-1	100	1	1	1	1	1	1	1	1	1	1	1	1	1	1	1
1970	1	1	0	0	1	-1	-1	100	1	1	1	1	1	1	1	1	1	1	1	1	1	1	1
1971	1	1	0	0	1	-1	-1	100	1	1	1	1	1	1	1	1	1	1	1	1	1	1	1
1972	1	1	0	0	1	-1	-1	100	1	1	1	1	1	1	1	1	1	1	1	1	1	1	1
1973	1	1	0	0	1	-1	-1	100	1	1	1	1	1	1	1	1	1	1	1	1	1	1	1
1974	1	1	0	0	1	-1	-1	100	1	1	1	1	1	1	1	1	1	1	1	1	1	1	1
1975	1	1	0	0	1	-1	-1	100	1	1	1	1	1	1	1	1	1	1	1	1	1	1	1
1976	1	1	0	0	1	-1	-1	100	1	1	1	1	1	1	1	1	1	1	1	1	1	1	1
1977	1	1	0	0	1	-1	-1	100	1	1	1	1	1	1	1	1	1	1	1	1	1	1	1
1978	1	1	0	0	1	-1	-1	100	1	1	1	1	1	1	1	1	1	1	1	1	1	1	1
1979	1	1	0	0	1	-1	-1	100	1	1	1	1	1	1	1	1	1	1	1	1	1	1	1
1980	1	1	0	0	1	-1	-1	100	1	1	1	1	1	1	1	1	1	1	1	1	1	1	1
1981	1	1	0	0	1	-1	-1	100	1	1	1	1	1	1	1	1	1	1	1	1	1	1	1
1982	1	1	0	0	1	-1	-1	100	1	1	1	1	1	1	1	1	1	1	1	1	1	1	1
1983	1	1	0	0	1	-1	-1	100	1	1	1	1	1	1	1	1	1	1	1	1	1	1	1
1984	1	1	0	0	1	-1	-1	100	1	1	1	1	1	1	1	1	1	1	1	1	1	1	1
1985	1	1	0	0	1	-1	-1	100	1	1	1	1	1	1	1	1	1	1	1	1	1	1	1
1986	1	1	0	0	1	-1	-1	100	1	1	1	1	1	1	1	1	1	1	1	1	1	1	1
1987	1	1	0	0	1	-1	-1	100	1	1	1	1	1	1	1	1	1	1	1	1	1	1	1
1988	1	1	0	0	1	-1	-1	100	1	1	1	1	1	1	1	1	1	1	1	1	1	1	1
1989	1	1	0	0	1	-1	-1	100	1	1	1	1	1	1	1	1	1	1	1	1	1	1	1
1990	1	1	0	0	1	-1	-1	100	1	1	1	1	1	1	1	1	1	1	1	1	1	1	1
1991	1	1	0	0	1	-1	-1	100	1	1	1	1	1	1	1	1	1	1	1	1	1	1	1
1992	1	1	0	0	1	-1	-1	100	1	1	1	1	1	1	1	1	1	1	1	1	1	1	1
1993	1	1	0	0	1	-1	-1	100	1	1	1	1	1	1	1	1	1	1	1	1	1	1	1
1994	1	1	0	0	1	-1	-1	100	1	1	1	1	1	1	1	1	1	1	1	1	1	1	1
1995	1	1	0	0	1	-1	-1	100	1	1	1	1	1	1	1	1	1	1	1	1	1	1	1
1996	1	1	0	0	1	-1	-1	100	1	1	1	1	1	1	1	1	1	1	1	1	1	1	1
1997	1	1	0	0	1	-1	-1	100	1	1	1	1	1	1	1	1	1	1	1	1	1	1	1
1998	1	1	0	0	1	-1	-1	100	1	1	1	1	1	1	1	1	1	1	1	1	1	1	1
1999	1	1	0	0	1	-1	-1	100	1	1	1	1	1	1	1	1	1	1	1	1	1	1	1
2000	1	1	0	0	1	-1	-1	100	1	1	1	1	1	1	1	1	1	1	1	1	1	1	1
2001	1	1	0	0	1	-1	-1	100	1	1	1	1	1	1	1	1	1	1	1	1	1	1	1
2002	1	1	0	0	1	-1	-1	100	1	1	1	1	1	1	1	1	1	1	1	1	1	1	1
2003	1	1	0	0	1	-1	-1	100	1	1	1	1	1	1	1	1	1	1	1	1	1	1	1
2004	1	1	0	0	1	-1	-1	100	1	1	1	1	1	1	1	1	1	1	1	1	1	1	1
2005	1	1	0	0	1	-1	-1	100	1	1	1	1	1	1	1	1	1	1	1	1	1	1	1
2006	1	1	0	0	1	-1	-1	100	1	1	1	1	1	1	1	1	1	1	1	1	1	1	1
2007	1	1	0	0	1	-1	-1	100	1	1	1	1	1	1	1	1	1	1	1	1	1	1	1
2008	1	1	0	0	1	-1	-1	100	1	1	1	1	1	1	1	1	1	1	1	1	1	1	1
2009	1	1	0	0	1	-1	-1	100	1	1	1	1	1	1	1	1	1	1	1	1	1	1	1
2010	1	1	0	0	1	-1	-1	100	1	1	1	1	1	1	1	1	1	1	1	1	1	1	1
2011	1	1	0	0	1	-1	-1	100	1	1	1	1	1	1	1	1	1	1	1	1	1	1	1
2012	1	1	0	0	1	-1	-1	100	1	1	1	1	1	1	1	1	1	1	1	1	1	1	1
#Survey																							
1938	1	2	0	0	1	-1	-1	100	1	1	1	1	1	1	1	1	1	1	1	1	1	1	1
1939	1	2	0	0	1	-1	-1	100	1	1	1	1	1	1	1	1	1	1	1	1	1	1	1
1940	1	2	0	0	1	-1	-1	100	1	1	1	1	1	1	1	1	1	1	1	1	1	1	1
1941	1	2	0	0	1	-1	-1	100	1	1	1	1	1	1	1	1	1	1	1	1	1	1	1
1942	1	2	0	0	1	-1	-1	100	1	1	1	1	1	1	1	1	1	1	1	1	1	1	1
1943	1	2	0	0	1	-1	-1	100	1	1	1	1	1	1	1	1	1	1	1	1	1	1	1
1944	1	2	0	0	1	-1	-1	100	1	1	1	1	1	1	1	1	1	1	1	1	1	1	1
1945	1	2	0	0	1	-1	-1	100	1	1	1	1	1	1	1	1	1	1	1	1	1	1	1
1946	1	2	0	0	1	-1	-1	100	1	1	1	1	1	1	1	1	1	1	1	1	1	1	1
1947	1	2	0	0	1	-1	-1	100	1	1	1	1	1	1	1	1	1	1	1	1	1	1	1
1948	1	2	0	0	1	-1	-1	100	1	1	1	1	1	1	1	1	1	1	1	1	1	1	1
1949	1	2	0	0	1	-1	-1	100	1	1	1	1	1	1	1	1	1	1	1	1	1	1	1
1950	1	2	0	0	1	-1	-1	100	1	1	1	1	1	1	1	1	1	1	1	1	1	1	1
1951	1	2	0	0	1	-1	-1	100	1	1	1	1	1	1	1	1	1	1	1	1	1	1	1
1952	1	2	0	0	1	-1	-1	100	1	1	1	1	1	1	1	1	1	1	1	1	1	1	1
1953	1	2	0	0	1	-1	-1	100	1	1	1	1	1	1	1	1	1	1	1	1	1	1	1
1954	1	2	0	0	1	-1	-1	100	1	1	1	1	1	1	1	1	1	1	1	1	1	1	1
1955	1	2	0	0	1	-1	-1	100	1	1	1	1	1	1	1	1	1	1	1	1	1	1	1
1956	1	2	0	0	1	-1	-1	100	1	1	1	1	1	1	1	1	1	1	1	1	1	1	1
1957	1	2	0	0	1	-1	-1	100	1	1	1	1	1	1	1	1	1	1	1	1	1	1	1
1958	1	2	0	0	1	-1	-1	100	1	1	1	1	1	1	1	1	1	1	1	1	1	1	1
1959	1	2	0	0	1	-1	-1	100	1	1	1	1	1	1	1	1	1	1	1	1	1	1	1
1960	1	2	0	0	1	-1	-1	100	1	1	1	1	1	1	1	1	1	1	1	1	1	1	1
1961	1	2	0	0	1	-1	-1	100	1	1	1	1	1	1	1	1	1	1	1	1	1	1	1
1962	1	2	0	0	1	-1	-1	100	1	1	1	1	1	1	1	1	1	1	1	1	1	1	1
1963	1	2	0	0	1	-1	-1	100	1	1	1	1	1	1	1	1	1	1	1	1	1	1	1
1964	1	2	0	0	1	-1	-1	100	1	1	1	1	1	1	1	1	1	1	1	1	1	1	1
1965	1	2	0	0	1	-1	-1	100	1	1	1	1	1	1	1	1	1	1	1	1	1	1	1
1966	1	2	0	0	1	-1	-1	100	1	1	1	1	1	1	1	1	1	1	1	1	1	1	1
1967	1	2	0	0	1	-1	-1	100	1	1	1	1	1	1	1	1	1	1	1	1	1	1	1
1968	1	2	0	0	1	-1	-1	100	1	1	1	1	1	1	1	1	1	1	1	1	1	1	1
1969	1	2	0	0	1	-1	-1	100	1	1	1	1	1	1	1	1	1	1	1	1	1	1	1
1970	1	2	0	0	1	-1	-1	100	1	1	1	1	1	1	1	1	1	1	1	1	1	1	1
1971	1	2	0	0	1	-1	-1	100	1	1	1	1	1	1	1	1	1	1	1	1	1	1	1
1972	1	2	0	0	1	-1	-1	100	1	1	1	1	1	1	1	1	1	1	1	1	1	1	1
1973	1	2	0	0	1	-1	-1	100	1	1	1	1	1	1	1	1	1	1	1	1	1	1	1
1974	1	2	0	0	1	-1	-1	100	1	1	1	1	1	1	1	1	1	1	1	1	1	1	1
1975	1	2	0	0	1	-1	-1	100	1	1	1	1	1	1	1	1	1	1	1	1	1	1	1
1976	1	2	0	0	1	-1	-1	100	1	1	1	1	1	1	1	1	1	1	1	1	1	1	1
1977	1	2	0	0	1	-1	-1	100	1	1	1	1	1	1	1	1	1	1	1	1	1	1	1
1978	1	2	0	0	1	-1	-1	100	1	1	1	1	1	1	1	1	1	1	1	1	1	1	1
1979	1	2	0	0	1	-1	-1	100	1	1	1	1	1	1	1	1	1	1	1	1	1	1	1
1980	1	2	0	0	1	-1	-1	100	1	1	1	1	1	1	1	1	1	1	1	1	1	1	1
1981	1	2	0	0	1	-1	-1	100	1	1	1	1	1	1	1	1	1	1	1	1	1	1	1
1982	1	2	0	0	1	-1	-1	100	1	1	1	1	1	1	1	1	1	1	1	1	1	1	1
1983	1	2	0	0	1	-1	-1	100	1	1	1	1	1	1	1	1	1	1	1	1	1	1	1
1984	1	2	0	0	1	-1	-1	100	1	1	1	1	1	1	1	1	1	1	1	1	1	1	1
1985	1	2	0	0	1	-1	-1	100	1	1	1	1	1	1	1	1	1	1	1	1	1	1	1
1986	1	2	0	0	1	-1	-1	100	1	1	1	1	1	1	1	1	1	1	1	1	1	1	1
1987	1	2	0	0	1	-1	-1	100	1	1	1	1	1	1	1	1	1	1	1	1	1	1	1
1988	1	2	0	0	1	-1	-1	100	1	1	1	1	1	1	1	1	1	1	1	1	1	1	1
1989	1	2	0	0	1	-1	-1	100	1	1	1	1	1	1	1	1	1	1	1	1	1	1	1
1990	1	2	0	0	1	-1	-1	100	1	1	1	1	1	1	1	1	1	1	1	1	1	1	1
1991	1	2	0	0	1	-1	-1	100	1	1	1	1	1	1	1	1	1	1	1	1	1	1	1
1992	1	2	0	0	1	-1	-1	100	1	1	1	1	1	1	1	1	1	1	1	1	1	1	1
1993	1	2	0	0	1	-1	-1	100	1	1	1	1	1	1	1	1	1	1	1	1	1	1	1
1994	1	2	0	0	1	-1	-1	100	1	1	1	1	1	1	1	1	1	1	1	1	1	1	1
1995	1	2	0	0	1	-1	-1	100	1	1	1	1	1	1	1	1	1	1	1	1	1	1	1
1996	1	2	0	0	1	-1	-1	100	1	1	1	1	1	1	1	1	1	1	1	1	1	1	1
1997	1	2	0	0	1	-1	-1	100	1	1	1	1	1	1	1	1	1	1	1	1	1	1	1
1998	1	2	0	0	1	-1	-1	100	1	1	1	1	1	1	1	1	1	1	1	1	1	1	1
1999	1	2	0	0	1	-1	-1	100	1	1	1	1	1	1	1	1	1	1	1	1	1	1	1
2000	1	2	0	0	1	-1	-1	100	1	1	1	1	1	1	1	1	1	1	1	1	1	1	1
2001	1	2	0	0	1	-1	-1	100	1	1	1	1	1	1	1	1	1	1	1	1	1	1	1
2002	1	2	0	0	1	-1	-1	100	1	1	1	1	1	1	1	1	1	1	1	1	1	1	1
2003	1	2	0	0	1	-1	-1	100	1	1	1	1	1	1	1	1	1	1	1	1	1	1	1
2004	1	2	0	0	1	-1	-1	100	1	1	1	1	1	1	1	1	1	1	1	1	1	1	1
2005	1	2	0	0	1	-1	-1	100	1	1	1	1	1	1	1	1	1	1	1	1	1	1	1
2006	1	2	0	0	1	-1	-1	100	1	1	1	1	1	1	1	1	1	1	1	1	1	1	1
2007	1	2	0	0	1	-1	-1	100	1	1	1	1	1	1	1	1	1	1	1	1	1	1	1
2008	1	2	0	0	1	-1	-1	100	1	1	1	1	1	1	1	1	1	1	1	1	1	1	1
2009	1	2	0	0	1	-1	-1	100	1	1	1	1	1	1	1	1	1	1	1	1	1	1	1
2010	1	2	0	0	1	-1	-1	100	1	1	1	1	1	1	1	1	1	1	1	1	1	1	1
2011	1	2	0	0	1	-1	-1	100	1	1	1	1	1	1	1	1	1	1	1	1	1	1	1
2012	1	2	0	0	1	-1	-1	100	1	1	1	1	1	1	1	1	1	1	1	1	1	1	1

0 #_N_MeanSize-at-Age_obs 
#Yr Seas Flt/Svy Gender Part Ageerr Ignore datavector(female-male)
#                                          samplesize(female-male)
#
0 #_N_environ_variables
0 #_N_environ_obs
0 # N sizefreq methods to read 
0 # no tag data 
0 # no morphcomp data 
999
