1913 #_styr
2012 #_endyr
1 #_nseas
 12 #_months/season
1 #_spawn_seas
1 #_Nfleet
2 #_Nsurveys
1 #_N_areas
Fishery%Survey%CPUE
 0.5 0.5 0.5 #_surveytiming_in_season
 1 1 1 #_area_assignments_for_each_fishery_and_survey
 1 #_units of catch:  1=bio; 2=num
 0.01 #_se of log(catch) only used for init_eq_catch and for Fmethod 2 and 3; use -1 for discard only fleets
1 #_Ngenders
25 #_Nages
 0 #_init_equil_catch_for_each_fishery
100 #_N_lines_of_catch_to_read
#_catch_biomass(mtons):_columns_are_fisheries,year,season
0 1913 1
0 1914 1
0 1915 1
0 1916 1
0 1917 1
0 1918 1
0 1919 1
0 1920 1
0 1921 1
0 1922 1
0 1923 1
0 1924 1
0 1925 1
0 1926 1
0 1927 1
0 1928 1
0 1929 1
0 1930 1
0 1931 1
0 1932 1
0 1933 1
0 1934 1
0 1935 1
0 1936 1
0 1937 1
3.99489e+08 1938 1
3.5371e+08 1939 1
3.17537e+08 1940 1
2.85219e+08 1941 1
2.56342e+08 1942 1
2.29807e+08 1943 1
2.0952e+08 1944 1
2.06483e+08 1945 1
2.07976e+08 1946 1
2.0916e+08 1947 1
2.118e+08 1948 1
2.10652e+08 1949 1
2.02753e+08 1950 1
1.9302e+08 1951 1
1.85836e+08 1952 1
1.81384e+08 1953 1
1.74807e+08 1954 1
1.67885e+08 1955 1
1.62196e+08 1956 1
1.55172e+08 1957 1
1.47549e+08 1958 1
1.43044e+08 1959 1
1.41196e+08 1960 1
1.37185e+08 1961 1
1.34542e+08 1962 1
1.34936e+08 1963 1
1.36024e+08 1964 1
1.36926e+08 1965 1
1.36772e+08 1966 1
1.42984e+08 1967 1
1.49457e+08 1968 1
1.53819e+08 1969 1
1.5701e+08 1970 1
1.59935e+08 1971 1
1.58795e+08 1972 1
1.57893e+08 1973 1
1.55356e+08 1974 1
1.51169e+08 1975 1
1.51817e+08 1976 1
1.56501e+08 1977 1
1.63832e+08 1978 1
1.68755e+08 1979 1
1.68394e+08 1980 1
1.63356e+08 1981 1
1.57395e+08 1982 1
1.51729e+08 1983 1
1.5086e+08 1984 1
1.5083e+08 1985 1
1.5099e+08 1986 1
1.53937e+08 1987 1
1.55419e+08 1988 1
1.58938e+08 1989 1
1.61534e+08 1990 1
1.63949e+08 1991 1
1.61352e+08 1992 1
1.59248e+08 1993 1
1.56804e+08 1994 1
1.53375e+08 1995 1
1.53594e+08 1996 1
1.51702e+08 1997 1
1.49972e+08 1998 1
1.46154e+08 1999 1
1.4246e+08 2000 1
1.44576e+08 2001 1
1.46772e+08 2002 1
1.51609e+08 2003 1
1.56864e+08 2004 1
1.66191e+08 2005 1
1.72641e+08 2006 1
1.73816e+08 2007 1
1.76853e+08 2008 1
1.75803e+08 2009 1
1.76649e+08 2010 1
1.75061e+08 2011 1
1.71746e+08 2012 1
#
20 
      #_N_cpue_and_surveyabundance_observations -- created by
      add_noise_to_index R function
#_Units:  0=numbers; 1=biomass; 2=F
#_Errtype:  -1=normal; 0=lognormal; >0=T
#_Fleet Units Errtype
1 1 0
2 1 0
3 1 0
#_year seas index obs err
1974 1 2 1534162499.57608 0.2
1976 1 2 1358166858.57934 0.2
1978 1 2 1614979344.49273 0.2
1980 1 2 1285165121.20088 0.2
1982 1 2 1559124245.85443 0.2
1984 1 2 1563845212.34013 0.2
1986 1 2 1428467101.7995 0.2
1988 1 2 1559794357.02732 0.2
1990 1 2 1339483949.32916 0.2
1992 1 2 1517717500.28406 0.2
1994 1 2 1859003149.53553 0.2
1996 1 2 1249641872.04669 0.2
1998 1 2 993065904.770524 0.2
2000 1 2 1360372835.22603 0.2
2002 1 2 1035603648.82668 0.2
2004 1 2 1046323981.75262 0.2
2006 1 2 1114111553.92099 0.2
2008 1 2 1186819654.48022 0.2
2010 1 2 1746347672.64707 0.2
2012 1 2 1461480100.00078 0.2

0 #_N_fleets_with_discard
#_discard_units (1=same_as_catchunits(bio/num); 2=fraction; 3=numbers)
#_discard_errtype:  >0 for DF of T-dist(read CV below); 0 for normal with CV; -1 for normal with se; -2 for lognormal
#Fleet Disc_units err_type
0 #N discard obs
#_year seas index obs err
#
0 #_N_meanbodywt_obs
1 #_DF_for_meanbodywt_T-distribution_like

2 # length bin method: 1=use databins; 2=generate from binwidth,min,max below; 3=read vector
2 # binwidth for population size comp 
10 # minimum size in the population (lower edge of first bin and size at age 0.00) 
200 # maximum size in the population (lower edge of last bin) 

-0.001 #_comp_tail_compression
1e-05 #_add_to_comp
0 #_combine males into females at or below this bin number
45 #_N_LengthBins
 20 23 26 29 32 35 38 41 44 47 50 53 56 59 62 65 68 71 74 77 80 83 86 89 92 95 98 101 104 107 110 113 116 119 122 125 128 131 134 137 140 143 146 149 152
150 #_N_Length_obs
#Yr Seas Flt/Svy Gender Part Nsamp datavector(female-male)
 1938 1 1 0 0 100  0.00128552 0.0209931 0.204384 0.577681 0.777434 0.495471 0.606904 1.56982 3.52252 4.70401 4.56787 3.58409 2.70981 2.70246 3.10999 3.37563 3.48677 3.48388 3.44481 3.35787 3.14146 2.92039 2.69758 2.62277 2.67138 2.79196 2.979 3.11554 3.22777 3.25575 3.20937 3.11211 2.92611 2.73302 2.44578 2.18672 1.84022 1.55716 1.21518 0.963634 0.690339 0.509908 0.333415 0.228701 0.321073
 1939 1 1 0 0 100  0.00166101 0.0472449 0.471374 1.33399 1.77699 1.00998 0.49599 1.01513 2.26955 3.07813 3.17231 2.8212 2.7557 3.15609 3.71058 3.85338 3.65449 3.41952 3.27881 3.29532 3.35423 3.3592 3.28626 3.18337 3.04498 2.95923 2.91459 2.93146 2.9928 3.04396 3.06778 3.0334 2.9102 2.74863 2.48001 2.22463 1.87619 1.58966 1.24305 0.987833 0.709909 0.525764 0.344866 0.23705 0.333518
 1940 1 1 0 0 100  0.00133199 0.0242422 0.23744 0.671483 0.905577 0.589109 0.794411 2.08009 4.65673 6.17949 5.84812 4.30818 2.71337 2.31338 2.47688 2.69467 2.86395 2.96414 3.09787 3.18213 3.20718 3.16887 3.09669 3.04425 2.98673 2.93788 2.86958 2.81589 2.76161 2.72984 2.69251 2.64884 2.55343 2.43279 2.22198 2.01072 1.7103 1.45621 1.14366 0.911203 0.656657 0.48735 0.320523 0.220791 0.311923
 1941 1 1 0 0 100  0.0014049 0.0293397 0.289266 0.818068 1.0935 0.647316 0.493115 1.16919 2.63762 3.59181 3.75462 3.42644 3.47745 4.01921 4.63396 4.63489 4.05386 3.46528 2.98608 2.86799 2.91904 3.00937 3.09929 3.1343 3.13139 3.09935 3.03698 2.97808 2.89986 2.83415 2.74418 2.66038 2.52985 2.39686 2.18754 1.98576 1.69972 1.45538 1.15057 0.920834 0.666649 0.496215 0.327341 0.225945 0.320568
 1942 1 1 0 0 100  0.00134116 0.0248836 0.243949 0.689735 0.92487 0.567003 0.55869 1.39584 3.12958 4.1853 4.08865 3.25518 2.56219 2.64784 3.14871 3.50993 3.77632 3.90407 3.99389 3.96411 3.76332 3.52342 3.25239 3.11792 3.05354 3.04886 3.04824 3.03018 2.97646 2.91016 2.8019 2.6956 2.53544 2.38249 2.15746 1.9513 1.66808 1.43 1.13427 0.910971 0.662582 0.494952 0.327827 0.226909 0.323664
 1943 1 1 0 0 100  0.00166239 0.0473418 0.472363 1.33684 1.78199 1.02077 0.555191 1.1843 2.64404 3.5588 3.56382 2.99112 2.6228 2.84472 3.2969 3.45426 3.36377 3.25206 3.27043 3.40709 3.6031 3.70124 3.70918 3.63334 3.47693 3.33744 3.18451 3.09016 2.99808 2.92918 2.82672 2.72133 2.55359 2.38985 2.15076 1.93597 1.64727 1.40893 1.11646 0.897175 0.653835 0.48953 0.325303 0.225778 0.324065
 1944 1 1 0 0 100  0.00264113 0.11577 1.16835 3.30899 4.40407 2.47441 1.02173 1.91187 4.21446 5.59988 5.32952 3.98081 2.61173 2.30064 2.45613 2.59565 2.61707 2.595 2.62393 2.68595 2.76011 2.80364 2.85139 2.88832 2.91569 2.90613 2.84616 2.76657 2.6455 2.54165 2.40794 2.29482 2.13727 1.99309 1.78737 1.60434 1.36017 1.16024 0.916935 0.735855 0.535963 0.401447 0.26716 0.18576 0.267893
 1945 1 1 0 0 100  0.00159495 0.0426275 0.42447 1.20187 1.62166 1.05804 1.44686 3.7953 8.48958 11.2406 10.5359 7.56125 4.31167 3.21099 2.95913 2.86636 2.5154 2.17055 1.87581 1.78134 1.76887 1.79074 1.82521 1.85343 1.88487 1.90193 1.90582 1.89111 1.8475 1.79254 1.70156 1.6137 1.48813 1.37628 1.22348 1.09235 0.921534 0.783753 0.61762 0.494791 0.359852 0.269393 0.179323 0.124816 0.180347
 1946 1 1 0 0 100  0.00150217 0.03614 0.358446 1.01427 1.35877 0.823541 0.753753 1.86223 4.21043 5.73713 6.00865 5.50022 5.5974 6.45112 7.34442 7.18679 5.93145 4.63514 3.34161 2.69917 2.23451 2.00401 1.81079 1.71982 1.67047 1.66384 1.6692 1.67032 1.65557 1.62615 1.5642 1.49431 1.38348 1.27856 1.13174 1.00553 0.842933 0.713625 0.559706 0.447081 0.324264 0.242382 0.161151 0.112127 0.162032
 1947 1 1 0 0 100  0.00175342 0.0537063 0.537105 1.5204 2.02867 1.1749 0.726094 1.62031 3.62256 4.86714 4.843 4.01811 3.47776 3.81925 4.65777 5.2037 5.56826 5.69115 5.66131 5.40709 4.74451 4.03157 3.14793 2.5759 2.08578 1.84713 1.67557 1.60004 1.54234 1.50583 1.45289 1.39646 1.30304 1.20995 1.07433 0.954702 0.798717 0.674295 0.526674 0.419298 0.302973 0.225905 0.149836 0.104118 0.150165
 1948 1 1 0 0 100  0.00143784 0.0316429 0.312715 0.884813 1.19002 0.752162 0.884404 2.27403 5.09535 6.78503 6.51193 4.9656 3.46338 3.22128 3.53776 3.76154 3.83419 3.8754 4.06391 4.28472 4.48144 4.48221 4.24592 3.89088 3.32116 2.83828 2.29643 1.9531 1.64757 1.48492 1.34565 1.2602 1.15987 1.07434 0.955012 0.850206 0.712393 0.601537 0.469362 0.373068 0.268884 0.200057 0.132365 0.0918356 0.131978
 1949 1 1 0 0 100  0.00123008 0.0171169 0.164957 0.465952 0.628575 0.410936 0.566284 1.49026 3.36798 4.56065 4.67006 4.09928 3.90374 4.39622 5.0779 5.16944 4.70639 4.2081 3.82226 3.75262 3.83297 3.93266 4.02054 4.02484 3.90258 3.68692 3.28945 2.90919 2.42666 2.07642 1.71533 1.4901 1.27176 1.13079 0.97526 0.857699 0.713725 0.601446 0.468822 0.37242 0.268126 0.199244 0.131571 0.0911268 0.130395
 1950 1 1 0 0 100  0.00154533 0.0391573 0.389113 1.10088 1.46644 0.833848 0.4117 0.844975 1.89411 2.58332 2.71953 2.52291 2.66817 3.22318 4.01806 4.43179 4.64003 4.70439 4.77138 4.77514 4.64867 4.4687 4.24999 4.12928 4.03393 3.95586 3.79011 3.57834 3.21749 2.87481 2.42555 2.08069 1.69782 1.43805 1.1677 0.986599 0.791749 0.654883 0.503396 0.397451 0.284928 0.21131 0.139278 0.0963298 0.137408
 1951 1 1 0 0 100  0.0018035 0.0572075 0.572718 1.62133 2.16348 1.25363 0.778709 1.73797 3.86389 5.12775 4.85572 3.58417 2.27912 1.9773 2.18513 2.46386 2.7907 3.07415 3.47977 3.79367 4.08073 4.19898 4.22248 4.16583 4.03242 3.89356 3.69528 3.51715 3.25844 3.01411 2.66197 2.35388 1.96166 1.66104 1.32155 1.08574 0.836584 0.670621 0.498837 0.38614 0.272041 0.199941 0.130839 0.0901824 0.127944
 1952 1 1 0 0 100  0.00175086 0.0535271 0.535297 1.51547 2.02729 1.20824 0.974433 2.33666 5.22028 6.95096 6.66808 5.07377 3.49308 3.16377 3.28215 3.24149 2.86217 2.50319 2.27036 2.30262 2.52195 2.75446 3.03079 3.20443 3.33236 3.35607 3.29421 3.1833 2.98547 2.78939 2.50682 2.2572 1.92745 1.66004 1.33785 1.10021 0.83863 0.661103 0.478802 0.36233 0.248631 0.179532 0.115464 0.0788024 0.110131
 1953 1 1 0 0 100  0.00133984 0.0247915 0.243031 0.687373 0.928003 0.610138 0.861693 2.27182 5.10803 6.83825 6.7021 5.36321 4.21696 4.2406 4.65837 4.67647 4.16229 3.59014 3.01874 2.72905 2.50007 2.38432 2.3296 2.36552 2.48282 2.59454 2.69949 2.72894 2.68226 2.57986 2.38337 2.18378 1.9002 1.65911 1.35745 1.1268 0.864387 0.681162 0.489624 0.366402 0.246847 0.175338 0.110475 0.0742853 0.100948
 1954 1 1 0 0 100  0.00154513 0.0391437 0.388982 1.1006 1.46847 0.850836 0.528143 1.18233 2.66332 3.63569 3.83625 3.56668 3.75173 4.45477 5.32718 5.56364 5.27344 4.85994 4.42235 4.14399 3.77593 3.44055 3.03536 2.7798 2.58098 2.50975 2.49432 2.50957 2.51862 2.49177 2.39274 2.25716 2.02637 1.80592 1.50837 1.2684 0.984939 0.78113 0.563475 0.421231 0.282097 0.198737 0.123531 0.082028 0.108181
 1955 1 1 0 0 100  0.00168661 0.049035 0.489597 1.38583 1.85103 1.08487 0.755708 1.74602 3.89437 5.18684 4.98478 3.81829 2.71886 2.61528 3.04031 3.42857 3.80382 4.06393 4.35179 4.4815 4.42906 4.22569 3.85939 3.54059 3.16548 2.90438 2.64372 2.49118 2.35803 2.27794 2.17721 2.0759 1.90683 1.73614 1.4885 1.27532 1.00986 0.810756 0.591421 0.444604 0.298671 0.210276 0.130139 0.0859001 0.110869
 1956 1 1 0 0 100  0.0014086 0.0295986 0.29192 0.825851 1.11069 0.701964 0.825018 2.12169 4.75866 6.35021 6.14586 4.77775 3.49618 3.3439 3.61436 3.67053 3.4129 3.1596 3.05378 3.15811 3.39381 3.56562 3.67365 3.65238 3.4971 3.29453 2.99416 2.75055 2.47465 2.28514 2.08167 1.93425 1.75059 1.59413 1.38092 1.19872 0.966884 0.787635 0.583978 0.443736 0.301148 0.213168 0.132395 0.0874102 0.111829
 1957 1 1 0 0 100  0.00147601 0.0343115 0.339839 0.961416 1.28528 0.761516 0.584711 1.38829 3.12395 4.23021 4.33261 3.80578 3.63365 4.10668 4.77477 4.89815 4.50958 4.05038 3.62589 3.44559 3.32945 3.27871 3.26349 3.28784 3.32536 3.32149 3.23514 3.09644 2.85693 2.63548 2.35095 2.12992 1.86757 1.66684 1.42217 1.22954 0.994645 0.815873 0.612006 0.469805 0.322783 0.230449 0.144363 0.0957618 0.122927
 1958 1 1 0 0 100  0.00186979 0.0618422 0.619852 1.75482 2.33921 1.33949 0.725901 1.54546 3.44014 4.60092 4.49576 3.57938 2.80899 2.88031 3.36835 3.68591 3.86331 3.92923 4.00124 4.01062 3.89151 3.70629 3.45227 3.28652 3.14994 3.08263 3.01424 2.94719 2.82208 2.68055 2.45468 2.24465 1.96355 1.73511 1.45635 1.24351 0.994686 0.812221 0.609033 0.469024 0.324465 0.233226 0.147407 0.0984341 0.127833
 1959 1 1 0 0 100  0.00178666 0.0560301 0.560758 1.58765 2.12405 1.26711 1.0297 2.47291 5.51968 7.334 6.97607 5.20124 3.38367 2.93751 3.05737 3.14309 3.03061 2.90153 2.8703 2.9496 3.0773 3.14144 3.14383 3.0879 2.96587 2.84494 2.6892 2.57054 2.42793 2.30949 2.1419 1.98636 1.76557 1.57334 1.32524 1.12911 0.897385 0.728292 0.54255 0.416479 0.287808 0.207185 0.131498 0.0882286 0.115938
 1960 1 1 0 0 100  0.00129912 0.0219441 0.214072 0.605349 0.81977 0.555567 0.882106 2.35649 5.30157 7.09846 6.96083 5.57579 4.38932 4.40736 4.81025 4.78501 4.18966 3.56582 2.99327 2.76211 2.65008 2.62283 2.61776 2.62431 2.62426 2.60099 2.53019 2.44164 2.30133 2.17275 1.99756 1.84671 1.6444 1.47234 1.24907 1.06939 0.85286 0.69244 0.514943 0.394336 0.271677 0.195232 0.123819 0.083141 0.109893
 1961 1 1 0 0 100  0.0017595 0.0541313 0.541415 1.53245 2.04052 1.15399 0.528006 1.04734 2.35185 3.23067 3.4858 3.3705 3.75619 4.56948 5.51112 5.76143 5.45576 5.01607 4.54087 4.23356 3.83918 3.49817 3.10946 2.87862 2.70153 2.62274 2.55423 2.49684 2.39969 2.29525 2.13103 1.97624 1.76071 1.57604 1.33779 1.14708 0.917322 0.746439 0.556247 0.426288 0.293649 0.210859 0.133554 0.0895874 0.118552
 1962 1 1 0 0 100  0.00190521 0.0643188 0.645056 1.82642 2.43913 1.42606 0.970844 2.22783 4.95753 6.573 6.20036 4.53271 2.79683 2.36316 2.60324 2.96922 3.39843 3.72043 4.06612 4.22036 4.18277 3.9876 3.63351 3.32756 2.97152 2.72487 2.47332 2.31528 2.15634 2.044 1.90034 1.77274 1.59222 1.43268 1.22149 1.04968 0.841075 0.6853 0.511511 0.392488 0.270723 0.194547 0.1233 0.082736 0.109458
 1963 1 1 0 0 100  0.00164589 0.0461885 0.460662 1.30407 1.74836 1.06771 1.02786 2.55749 5.72719 7.63882 7.3772 5.70367 4.10219 3.84797 4.0514 3.99145 3.48443 3.00258 2.66301 2.65178 2.82533 2.99135 3.11788 3.1202 2.99906 2.82592 2.56193 2.34395 2.0916 1.91296 1.71512 1.56976 1.39299 1.25012 1.06743 0.919949 0.739957 0.604522 0.452427 0.347736 0.240274 0.172874 0.109719 0.0737067 0.0975776
 1964 1 1 0 0 100  0.0016228 0.044574 0.44423 1.25735 1.68225 1.0047 0.824091 1.98612 4.45858 5.99697 5.98705 4.98994 4.30117 4.59386 5.2072 5.29468 4.80242 4.22425 3.63233 3.30993 3.01032 2.81779 2.65342 2.59367 2.57587 2.56318 2.49774 2.39205 2.20305 2.02375 1.78935 1.60549 1.38763 1.22329 1.02838 0.880046 0.705205 0.575985 0.431676 0.332356 0.230154 0.165858 0.105449 0.0709224 0.0940347
 1965 1 1 0 0 100  0.00151563 0.0370816 0.368024 1.04143 1.3955 0.847927 0.788784 1.95061 4.3752 5.86036 5.75829 4.63951 3.731 3.85796 4.43668 4.70993 4.67172 4.51517 4.34698 4.21155 3.94255 3.63989 3.23133 2.94099 2.66223 2.50242 2.35515 2.25674 2.12856 2.00758 1.82618 1.66061 1.44005 1.26177 1.04662 0.885078 0.700163 0.567561 0.422848 0.32481 0.224745 0.16203 0.10314 0.0694527 0.0923064
 1966 1 1 0 0 100  0.00233691 0.0945006 0.952016 2.69596 3.58835 2.01781 0.845023 1.59597 3.53793 4.75392 4.73025 3.9167 3.34055 3.56872 4.11817 4.31672 4.18916 3.99886 3.88249 3.88082 3.86776 3.78784 3.5935 3.38311 3.08286 2.83348 2.53805 2.32817 2.10242 1.94361 1.75585 1.60438 1.40671 1.24259 1.03617 0.875865 0.689327 0.555278 0.410255 0.313272 0.21553 0.154926 0.09842 0.0662464 0.0881016
 1967 1 1 0 0 100  0.00163174 0.0451998 0.450623 1.27584 1.71659 1.08808 1.29895 3.34573 7.47902 9.90471 9.29361 6.69194 3.87916 2.98292 2.91398 3.01131 2.98243 2.91352 2.89157 2.91567 2.92589 2.89369 2.81382 2.72949 2.59745 2.46487 2.26618 2.08941 1.86284 1.68675 1.4801 1.32592 1.14397 1.00455 0.836485 0.707939 0.557993 0.449448 0.331353 0.252247 0.172745 0.123725 0.0783187 0.0526346 0.069694
 1968 1 1 0 0 100  0.00153644 0.0385362 0.382819 1.08335 1.4511 0.877916 0.793205 1.95323 4.40358 5.96565 6.11721 5.3795 5.11815 5.71616 6.44569 6.32666 5.29863 4.25622 3.28343 2.877 2.6759 2.62211 2.58212 2.54571 2.47878 2.40102 2.26945 2.13828 1.94842 1.7821 1.56614 1.39352 1.18509 1.02727 0.843376 0.707852 0.554243 0.445115 0.327437 0.248915 0.170108 0.12158 0.0767246 0.0514328 0.0677233
 1969 1 1 0 0 100  0.00165241 0.046644 0.465277 1.31691 1.75937 1.03382 0.738103 1.71861 3.84917 5.16927 5.13319 4.23716 3.61397 3.90855 4.66536 5.09711 5.2702 5.24557 5.11438 4.87928 4.36449 3.83852 3.21538 2.83627 2.53219 2.38487 2.24996 2.1461 1.99666 1.85688 1.66018 1.49093 1.27421 1.10317 0.899944 0.749758 0.581287 0.463481 0.338445 0.256139 0.174307 0.124254 0.0781831 0.0522921 0.0684834
 1970 1 1 0 0 100  0.00173731 0.0525798 0.525656 1.48806 1.98848 1.17114 0.85385 1.99795 4.46417 5.96069 5.78413 4.52803 3.39059 3.33323 3.7482 3.97748 4.00032 3.97401 4.06102 4.19598 4.2982 4.253 4.02195 3.72741 3.28824 2.93002 2.53079 2.26926 2.00926 1.83691 1.6387 1.48122 1.27935 1.11562 0.914903 0.762873 0.589983 0.468493 0.339908 0.255856 0.173012 0.122789 0.0769062 0.0512866 0.0667569
 1971 1 1 0 0 100  0.00135284 0.0257003 0.252274 0.713554 0.962551 0.627564 0.855099 2.24393 5.03919 6.73112 6.54003 5.13194 3.85217 3.76444 4.13256 4.23353 3.97067 3.67108 3.46061 3.44555 3.51013 3.56049 3.57984 3.5458 3.41948 3.24336 2.94322 2.66433 2.30872 2.04096 1.74197 1.53108 1.29464 1.12095 0.918084 0.766921 0.594576 0.472535 0.342518 0.257241 0.173236 0.122475 0.0763292 0.050712 0.065494
 1972 1 1 0 0 100  0.00177354 0.0551124 0.551397 1.56078 2.07925 1.1825 0.586158 1.20565 2.70229 3.6822 3.85984 3.54443 3.65077 4.28339 5.06861 5.24172 4.89014 4.45544 4.05796 3.88503 3.7412 3.634 3.51523 3.44539 3.37468 3.30366 3.16095 2.99211 2.71744 2.46092 2.12094 1.85113 1.53437 1.30362 1.04576 0.863198 0.66317 0.525152 0.379855 0.285001 0.191635 0.135227 0.0839972 0.0556176 0.0713075
 1973 1 1 0 0 100  0.00150832 0.0365707 0.362836 1.02683 1.37877 0.856329 0.914354 2.31506 5.17618 6.86992 6.50651 4.80398 3.05433 2.64191 2.88735 3.20091 3.49527 3.68761 3.8968 3.985 3.93106 3.77663 3.53419 3.35375 3.16978 3.04705 2.90056 2.77332 2.58474 2.40375 2.14078 1.90856 1.60776 1.3711 1.09467 0.895621 0.679057 0.532373 0.381181 0.284322 0.190213 0.13386 0.0829302 0.0548105 0.0698818
 1974 1 1 0 0 100  0.00146628 0.0336312 0.332925 0.941903 1.26135 0.761508 0.677239 1.66124 3.73749 5.04307 5.09523 4.3515 3.9284 4.28458 4.83789 4.83638 4.26048 3.68659 3.2502 3.18236 3.29574 3.41747 3.50332 3.49486 3.39371 3.25961 3.058 2.88604 2.6655 2.48146 2.2343 2.02037 1.73632 1.50285 1.21662 1.00149 0.760448 0.594415 0.422679 0.313174 0.20778 0.145362 0.0894958 0.0589081 0.0746499
 1975 1 1 0 0 100  0.00210693 0.0784217 0.788478 2.23258 2.97277 1.67994 0.760067 1.49535 3.32048 4.45675 4.41636 3.62716 3.05248 3.26031 3.83294 4.12654 4.17733 4.10358 4.00568 3.90407 3.69418 3.48357 3.25818 3.1492 3.08701 3.05504 2.98363 2.88357 2.70505 2.52848 2.2794 2.06476 1.78484 1.55668 1.27495 1.05945 0.812505 0.638577 0.455542 0.337434 0.223193 0.155526 0.0951898 0.0623495 0.0782905
 1976 1 1 0 0 100  0.00189683 0.0637329 0.639111 1.80977 2.42189 1.44889 1.20417 2.90591 6.48057 8.58999 8.09018 5.88245 3.52912 2.82469 2.82952 2.9332 2.90808 2.85379 2.87045 2.93747 2.99807 2.98785 2.90288 2.79767 2.64896 2.53141 2.39708 2.29801 2.17159 2.05728 1.88784 1.73029 1.51205 1.32749 1.09534 0.915746 0.707899 0.559868 0.402194 0.299209 0.198595 0.138535 0.0847576 0.0554442 0.0690636
 1977 1 1 0 0 100  0.0018292 0.0590042 0.591007 1.67336 2.23793 1.32976 1.04703 2.49876 5.5968 7.49738 7.36611 5.92433 4.70123 4.73161 5.1266 5.02825 4.26516 3.49247 2.78148 2.49591 2.36992 2.34891 2.34215 2.33082 2.29325 2.23826 2.13927 2.04184 1.90636 1.79044 1.63607 1.50333 1.32467 1.17308 0.978563 0.824686 0.643166 0.511859 0.370304 0.276869 0.184769 0.129341 0.0793869 0.0520127 0.0646594
 1978 1 1 0 0 100  0.00150638 0.0364346 0.361454 1.02294 1.37431 0.858545 0.948316 2.41682 5.42543 7.25968 7.10316 5.66594 4.43682 4.48162 5.02742 5.20464 4.91994 4.5133 4.04831 3.72099 3.28612 2.91421 2.49749 2.25244 2.06341 1.9765 1.89809 1.83485 1.73827 1.64403 1.50683 1.38436 1.21965 1.08165 0.906322 0.767912 0.603669 0.483641 0.352716 0.265279 0.178205 0.125316 0.0772916 0.0507994 0.0633747
 1979 1 1 0 0 100  0.00134929 0.0254517 0.249733 0.706196 0.948618 0.59248 0.65332 1.6662 3.75707 5.07638 5.15685 4.45811 4.14231 4.63467 5.42167 5.65012 5.37933 5.00875 4.66859 4.49513 4.25386 3.97936 3.55475 3.19503 2.77231 2.47713 2.17656 1.99009 1.80835 1.6868 1.54178 1.42095 1.25833 1.11998 0.942053 0.800625 0.632186 0.508639 0.37319 0.282126 0.19075 0.13479 0.0835881 0.0551324 0.0692973
 1980 1 1 0 0 100  0.00136281 0.0263967 0.259335 0.733281 0.981415 0.589449 0.50409 1.22624 2.75936 3.7288 3.792 3.29004 3.09924 3.53641 4.29822 4.70026 4.88492 4.94452 5.04971 5.11194 5.04574 4.85981 4.51939 4.20485 3.78701 3.44001 3.00698 2.67884 2.3131 2.06212 1.79534 1.60985 1.39778 1.23591 1.03805 0.883788 0.700449 0.56552 0.41685 0.316358 0.214975 0.152525 0.0950483 0.0629059 0.079809
 1981 1 1 0 0 100  0.00163793 0.0456316 0.45497 1.28758 1.71711 0.988839 0.573036 1.25066 2.79042 3.74162 3.69351 3.00879 2.49077 2.64366 3.13645 3.44689 3.6623 3.82211 4.11817 4.39403 4.67196 4.79224 4.80498 4.7124 4.47865 4.20934 3.80016 3.44106 2.9871 2.63838 2.23745 1.95002 1.63199 1.40656 1.15376 0.970743 0.763524 0.615317 0.45396 0.345294 0.235511 0.167648 0.104914 0.0696571 0.0891908
 1982 1 1 0 0 100  0.00161019 0.0436923 0.435262 1.23195 1.64857 0.986678 0.822196 1.98569 4.43519 5.89929 5.63615 4.24939 2.8639 2.57764 2.76076 2.8895 2.87168 2.83785 2.92735 3.10657 3.38517 3.60375 3.83661 3.97198 4.04651 4.01299 3.84898 3.63049 3.27694 2.95405 2.53406 2.20447 1.81974 1.54105 1.23245 1.01668 0.783167 0.623379 0.455258 0.344791 0.234717 0.167168 0.104844 0.0697863 0.0900388
 1983 1 1 0 0 100  0.00204631 0.0741835 0.74538 2.11057 2.81347 1.61086 0.872152 1.8569 4.13692 5.54214 5.44826 4.38927 3.50477 3.55848 3.92045 3.93399 3.51148 3.06705 2.69096 2.58127 2.59905 2.67689 2.81752 2.95224 3.11826 3.22041 3.2726 3.23753 3.0914 2.89969 2.58913 2.30472 1.93445 1.64452 1.30856 1.06865 0.809592 0.635263 0.456305 0.341809 0.230296 0.163136 0.10193 0.0677823 0.0876736
 1984 1 1 0 0 100  0.00159191 0.0424143 0.422282 1.19541 1.60627 1.00467 1.11717 2.84786 6.37284 8.46776 8.05462 6.00601 3.90993 3.39869 3.5409 3.63288 3.4547 3.2103 2.95919 2.80863 2.6221 2.46597 2.30842 2.24401 2.24434 2.28759 2.35313 2.38743 2.37816 2.3167 2.16808 1.99782 1.73914 1.51188 1.22553 1.00816 0.764504 0.597171 0.424726 0.315096 0.209705 0.147241 0.0911717 0.0603226 0.0774934
 1985 1 1 0 0 100  0.00160578 0.0433842 0.432125 1.22302 1.63573 0.973193 0.77421 1.85387 4.16941 5.6339 5.72299 4.94212 4.55921 5.03424 5.71837 5.72231 5.01175 4.25371 3.53389 3.20354 2.95646 2.79428 2.59257 2.44164 2.28546 2.1935 2.11975 2.08621 2.0548 2.01932 1.9384 1.83481 1.65569 1.47987 1.23683 1.03776 0.801215 0.631318 0.451054 0.33436 0.221423 0.154526 0.094843 0.0623079 0.0790153
 1986 1 1 0 0 100  0.00190837 0.0645392 0.64729 1.83265 2.44475 1.41166 0.844482 1.86371 4.15756 5.56495 5.45442 4.37205 3.48243 3.59636 4.18527 4.52404 4.62484 4.57882 4.48435 4.34086 4.00179 3.62718 3.14495 2.8159 2.50328 2.31796 2.13946 2.02617 1.90965 1.82806 1.72569 1.6327 1.49133 1.35542 1.16151 0.994996 0.786948 0.630375 0.457706 0.342321 0.228156 0.159481 0.0977472 0.0640077 0.0802726
 1987 1 1 0 0 100  0.00149132 0.0353816 0.350748 0.992659 1.33543 0.846108 1.00761 2.59569 5.81511 7.73889 7.40871 5.61288 3.8333 3.4828 3.72263 3.85254 3.72975 3.57114 3.50354 3.54641 3.59437 3.55877 3.39785 3.19168 2.87525 2.60558 2.288 2.06816 1.84344 1.69777 1.5426 1.42855 1.28548 1.16487 1.00373 0.868478 0.698372 0.567734 0.419789 0.318127 0.214992 0.151557 0.0935772 0.0614806 0.0769975
 1988 1 1 0 0 100  0.00188701 0.063046 0.632096 1.78952 2.38541 1.36558 0.738131 1.5726 3.52168 4.77079 4.89368 4.3097 4.12586 4.6534 5.36054 5.42462 4.86177 4.24825 3.69591 3.47988 3.36439 3.3083 3.23378 3.15952 3.02899 2.88169 2.6433 2.4225 2.13679 1.91778 1.67001 1.49429 1.29719 1.15149 0.977151 0.841561 0.677819 0.554243 0.414281 0.317196 0.217244 0.154708 0.0966055 0.0639318 0.0808876
 1989 1 1 0 0 100  0.00157987 0.0415729 0.413718 1.17106 1.57177 0.971475 1.00833 2.54145 5.68452 7.55368 7.18881 5.37136 3.53779 3.14777 3.43382 3.71628 3.87754 3.92391 3.95166 3.91001 3.71662 3.47274 3.15447 2.94274 2.74419 2.61607 2.45662 2.3128 2.10567 1.92206 1.68249 1.49224 1.2665 1.09929 0.908084 0.768607 0.610057 0.495888 0.370159 0.284215 0.19599 0.140579 0.0886702 0.0591649 0.0760249
 1990 1 1 0 0 100  0.0017151 0.0510273 0.509861 1.44326 1.9277 1.12942 0.784936 1.81531 4.0719 5.48922 5.52709 4.68795 4.17861 4.53201 5.12345 5.14778 4.57915 3.99247 3.51416 3.38478 3.38265 3.38991 3.32839 3.21431 3.00987 2.81849 2.57342 2.3844 2.15847 1.98067 1.75489 1.57036 1.33915 1.15889 0.946598 0.790881 0.616911 0.495209 0.36525 0.278787 0.191654 0.137555 0.0870806 0.0583715 0.0760543
 1991 1 1 0 0 100  0.00125651 0.0189651 0.18377 0.519454 0.704746 0.486367 0.821732 2.20805 4.96118 6.62121 6.41262 4.99843 3.70657 3.62733 4.09287 4.36629 4.39105 4.29507 4.17932 4.06937 3.84178 3.60053 3.30857 3.12505 2.95334 2.83143 2.66002 2.49775 2.26887 2.07388 1.82614 1.62929 1.38855 1.20236 0.98159 0.817795 0.633439 0.504494 0.368014 0.27851 0.189752 0.135495 0.0854658 0.0572512 0.0749829
 1992 1 1 0 0 100  0.00179651 0.0567184 0.567726 1.60696 2.13845 1.20077 0.490626 0.916081 2.05378 2.83156 3.09384 3.05352 3.49237 4.27815 5.13597 5.32168 4.9834 4.58444 4.28164 4.21489 4.19553 4.13948 3.98388 3.80555 3.54574 3.32684 3.05773 2.85048 2.59626 2.38988 2.12218 1.90101 1.62223 1.40333 1.14296 0.949977 0.733126 0.581677 0.421764 0.317358 0.214535 0.152242 0.0953459 0.0635648 0.0829588
 1993 1 1 0 0 100  0.00160684 0.0434585 0.432891 1.22533 1.64246 1.001 0.950117 2.35548 5.25638 6.96015 6.52942 4.70482 2.76042 2.20719 2.36736 2.71253 3.14417 3.47306 3.82506 3.99374 4.01444 3.91277 3.73105 3.58586 3.41137 3.26185 3.04615 2.85062 2.58741 2.36928 2.09388 1.87365 1.60097 1.38748 1.13188 0.940914 0.725154 0.574108 0.414719 0.310916 0.209087 0.147711 0.0919803 0.0610575 0.0790054
 1994 1 1 0 0 100  0.00150892 0.0366125 0.363253 1.0279 1.37723 0.835962 0.772317 1.90823 4.28726 5.76343 5.74043 4.75659 4.03242 4.23003 4.66399 4.59099 3.93171 3.30055 2.82606 2.76805 2.94457 3.14363 3.33295 3.39839 3.36852 3.2721 3.09224 2.91814 2.67611 2.46711 2.1913 1.96337 1.67693 1.45203 1.18356 0.983571 0.757785 0.599607 0.432514 0.323649 0.216954 0.152787 0.0947155 0.0626316 0.0803363
 1995 1 1 0 0 100  0.00199525 0.0706132 0.709061 2.0076 2.67509 1.52443 0.776619 1.6138 3.59554 4.83082 4.8048 3.97634 3.39383 3.63877 4.23385 4.47584 4.37604 4.15251 3.88758 3.68741 3.4004 3.16122 2.93753 2.85642 2.85246 2.87568 2.86912 2.80983 2.66335 2.49791 2.24971 2.03036 1.74458 1.51503 1.23726 1.02867 0.792369 0.626629 0.45155 0.33753 0.225854 0.158761 0.098135 0.064715 0.0824053
 1996 1 1 0 0 100  0.00137521 0.0272644 0.268193 0.758813 1.02658 0.688457 1.05153 2.79464 6.26176 8.31313 7.88027 5.82627 3.69798 3.14748 3.27963 3.42941 3.40998 3.33805 3.31676 3.33538 3.30677 3.20962 3.01943 2.84785 2.64936 2.51852 2.39352 2.31486 2.21823 2.12415 1.96961 1.8147 1.59044 1.39647 1.15083 0.961087 0.742736 0.58814 0.424051 0.316921 0.21191 0.148828 0.091869 0.0605094 0.0766423
 1997 1 1 0 0 100  0.00168872 0.0491827 0.491088 1.38992 1.85301 1.06312 0.590303 1.27222 2.86594 3.92722 4.19819 3.98864 4.30658 5.11515 5.95666 5.96285 5.19322 4.38865 3.66306 3.38365 3.2578 3.2161 3.15477 3.08196 2.95559 2.82835 2.64938 2.50205 2.32346 2.18499 2.0089 1.85799 1.65006 1.46862 1.23045 1.03911 0.811614 0.646473 0.468332 0.350762 0.234823 0.164928 0.101725 0.066913 0.0845026
 1998 1 1 0 0 100  0.00141579 0.0301012 0.297032 0.840339 1.12999 0.712964 0.830395 2.13162 4.77232 6.34479 6.05251 4.55268 3.07733 2.83742 3.24713 3.67096 4.07965 4.3261 4.515 4.49937 4.22936 3.88006 3.43714 3.1564 2.91506 2.77899 2.62964 2.50505 2.33267 2.1825 1.98366 1.81776 1.60293 1.42569 1.20028 1.02089 0.805893 0.647387 0.473393 0.356669 0.240098 0.169127 0.104542 0.0688163 0.0868651
 1999 1 1 0 0 100  0.00162579 0.0447832 0.446345 1.26318 1.68576 0.978643 0.620311 1.3966 3.13449 4.24261 4.33775 3.79544 3.5907 4.02506 4.62897 4.69749 4.27187 3.84623 3.58482 3.62431 3.80966 3.93119 3.94482 3.83253 3.57545 3.32127 3.00297 2.77243 2.51964 2.33604 2.11282 1.93129 1.69693 1.5048 1.26373 1.07475 0.850634 0.686107 0.505047 0.382747 0.259486 0.183696 0.11412 0.0753328 0.0955065
 2000 1 1 0 0 100  0.00221336 0.0858626 0.864167 2.44714 3.26024 1.85384 0.917119 1.88007 4.16976 5.55501 5.34356 4.09936 2.91769 2.77741 3.13066 3.39621 3.53249 3.56967 3.61323 3.62108 3.54983 3.44677 3.32901 3.26865 3.21119 3.14323 2.99599 2.82723 2.57437 2.35784 2.08898 1.88111 1.63069 1.43636 1.20039 1.01888 0.805814 0.650387 0.479855 0.364719 0.248422 0.17661 0.110323 0.0731336 0.0934195
 2001 1 1 0 0 100  0.00153645 0.0385376 0.382859 1.0838 1.4604 0.940455 1.21264 3.15765 7.06807 9.37919 8.87244 6.52198 4.04668 3.33342 3.31799 3.31409 3.04025 2.76163 2.56541 2.54946 2.60737 2.64979 2.6603 2.63479 2.57097 2.50141 2.39653 2.29731 2.14887 2.00815 1.80761 1.63355 1.4097 1.23225 1.01926 0.859133 0.67536 0.543609 0.400578 0.3046 0.207875 0.14815 0.0929223 0.0618428 0.079569
 2002 1 1 0 0 100  0.00189452 0.0635712 0.63744 1.80469 2.4063 1.38195 0.777045 1.68113 3.77332 5.12805 5.32135 4.78963 4.75005 5.42682 6.211 6.16675 5.27812 4.34117 3.42831 2.99619 2.69795 2.55316 2.4331 2.37675 2.33646 2.30765 2.25186 2.18345 2.06658 1.94981 1.77854 1.62458 1.41738 1.24551 1.03198 0.868178 0.679274 0.544414 0.399288 0.302806 0.206271 0.146965 0.0922541 0.0614853 0.0795304
 2003 1 1 0 0 100  0.00166482 0.0475122 0.474125 1.34221 1.79886 1.09432 1.02652 2.54066 5.68003 7.5525 7.20698 5.42237 3.65329 3.32961 3.7057 4.05762 4.29017 4.36661 4.36764 4.23654 3.85293 3.42254 2.88204 2.53187 2.23115 2.07967 1.9547 1.87809 1.78396 1.6982 1.56965 1.4488 1.27896 1.13293 0.946123 0.79935 0.627107 0.502706 0.368154 0.278644 0.189317 0.134654 0.0844197 0.05626 0.0728576
 2004 1 1 0 0 100  0.00204989 0.0744335 0.747925 2.11781 2.82392 1.62211 0.914054 1.97647 4.41314 5.93089 5.90215 4.88405 4.1401 4.36605 4.89336 4.93342 4.44073 3.93254 3.54003 3.45552 3.47028 3.45556 3.32084 3.11772 2.78478 2.49659 2.16384 1.94247 1.72592 1.58909 1.44027 1.32521 1.17514 1.04801 0.883224 0.751191 0.593296 0.477438 0.350695 0.26571 0.180542 0.128333 0.0803686 0.0535181 0.0692042
 2005 1 1 0 0 100  0.00149461 0.0356119 0.353096 0.999389 1.34634 0.865058 1.10371 2.87053 6.43068 8.55016 8.15487 6.12302 4.07816 3.63496 3.87762 4.05057 3.97117 3.80292 3.6302 3.51543 3.33099 3.14521 2.91437 2.75612 2.5802 2.43232 2.21615 2.0206 1.76827 1.57572 1.35974 1.20793 1.0385 0.913569 0.764987 0.650977 0.516261 0.417241 0.308073 0.234224 0.159666 0.113694 0.0713055 0.0475251 0.0613717
 2006 1 1 0 0 100  0.00135854 0.0260981 0.256307 0.724811 0.973039 0.603866 0.642185 1.62939 3.68272 5.00313 5.18481 4.65657 4.60903 5.27732 6.09656 6.14605 5.4567 4.71753 4.04761 3.77483 3.60064 3.48229 3.3016 3.13324 2.9064 2.71782 2.47785 2.28354 2.03717 1.83775 1.59011 1.39862 1.17462 1.01055 0.825053 0.691497 0.541962 0.436119 0.321652 0.24485 0.167347 0.119425 0.0750715 0.0500935 0.0648127
 2007 1 1 0 0 100  0.00197676 0.0693208 0.695908 1.97022 2.62261 1.47696 0.633203 1.21184 2.69358 3.63549 3.68194 3.17011 2.9532 3.36974 4.14839 4.61444 4.91151 5.03506 5.11886 5.0691 4.78809 4.42985 3.95434 3.62539 3.29816 3.07883 2.81869 2.60731 2.33482 2.11277 1.83558 1.61808 1.35717 1.16099 0.935974 0.774299 0.596703 0.474453 0.345918 0.261735 0.17814 0.126974 0.0798201 0.0532964 0.0691814
 2008 1 1 0 0 100  0.001348 0.0253621 0.248845 0.703986 0.953664 0.647907 1.03745 2.77039 6.20245 8.21655 7.71966 5.57917 3.28457 2.58863 2.61899 2.80127 2.95814 3.09214 3.35353 3.60099 3.84519 3.93345 3.89157 3.7501 3.47614 3.2124 2.87145 2.60989 2.30584 2.07772 1.80423 1.59218 1.33655 1.14246 0.917714 0.755202 0.576632 0.454434 0.327466 0.245594 0.165589 0.11736 0.073429 0.0489386 0.063419
 2009 1 1 0 0 100  0.00190261 0.0641366 0.64318 1.82082 2.4241 1.36782 0.60504 1.18007 2.64793 3.63782 3.92388 3.78446 4.1678 4.97632 5.76338 5.70133 4.83846 3.9727 3.22457 2.99281 3.01556 3.14732 3.32777 3.43526 3.47801 3.42227 3.2431 3.03013 2.71243 2.44044 2.10195 1.84169 1.5356 1.30797 1.0472 0.859386 0.653181 0.512243 0.366331 0.272846 0.182293 0.128282 0.0796022 0.0527491 0.0678475
 2010 1 1 0 0 100  0.00144604 0.0322165 0.318556 0.901453 1.21448 0.781086 1.00063 2.60264 5.82193 7.71612 7.26577 5.28659 3.20725 2.65554 2.87442 3.23982 3.62307 3.85524 4.01608 3.97758 3.70187 3.37945 3.01645 2.83348 2.74108 2.7282 2.70953 2.6541 2.51193 2.34259 2.08038 1.8474 1.54999 1.31944 1.05217 0.859908 0.650143 0.50773 0.361122 0.267696 0.177697 0.124363 0.0766334 0.0505144 0.064228
 2011 1 1 0 0 100  0.00153727 0.0385941 0.383398 1.08486 1.44975 0.854988 0.630924 1.48394 3.34315 4.54212 4.70793 4.2278 4.17496 4.75756 5.43804 5.40665 4.68264 3.96986 3.41031 3.29434 3.37574 3.46256 3.47012 3.37779 3.17687 2.99115 2.778 2.63522 2.47705 2.34574 2.15076 1.9637 1.69781 1.47119 1.18963 0.9774 0.74002 0.576949 0.408713 0.301747 0.19917 0.138717 0.0849262 0.055674 0.0699962
 2012 1 1 0 0 100  0.0015763 0.0413233 0.411161 1.16359 1.55605 0.92461 0.72724 1.73411 3.87919 5.18399 5.04904 3.99085 3.08096 3.13248 3.67372 4.05152 4.28783 4.37049 4.40368 4.33069 4.07376 3.78792 3.4608 3.27857 3.13714 3.0487 2.916 2.7793 2.57799 2.40291 2.17452 1.98406 1.73366 1.52403 1.25729 1.04826 0.805117 0.632452 0.450266 0.332736 0.219296 0.152318 0.0928226 0.060585 0.0754199
 1938 1 2 0 0 100  0.00309026 0.132449 1.09898 2.49301 2.33822 1.06887 0.854004 1.84065 3.64632 4.62818 4.36014 3.38342 2.54154 2.52915 2.9071 3.15414 3.25726 3.2543 3.21768 3.13642 2.93427 2.72778 2.51966 2.44979 2.49518 2.60781 2.78251 2.91004 3.01486 3.041 2.99768 2.90683 2.73311 2.55276 2.28447 2.0425 1.71887 1.45448 1.13507 0.900118 0.644856 0.47633 0.311482 0.213677 0.299954
 1939 1 2 0 0 100  0.00555191 0.287216 2.39146 5.42362 5.03985 2.07631 0.667536 1.12138 2.21142 2.85072 2.85013 2.50672 2.43295 2.78051 3.26519 3.38949 3.21383 3.00697 2.88311 2.89758 2.94936 2.95372 2.88959 2.79911 2.67744 2.60204 2.56279 2.57762 2.63155 2.67654 2.69748 2.66725 2.55893 2.41687 2.18068 1.95614 1.64977 1.39784 1.09308 0.868678 0.624312 0.462402 0.303346 0.208548 0.293368
 1940 1 2 0 0 100  0.00339898 0.151859 1.26114 2.86135 2.68855 1.25239 1.10265 2.40783 4.75905 6.00251 5.51127 4.01544 2.51255 2.13746 2.28576 2.48575 2.6413 2.73349 2.85668 2.93434 2.95742 2.92208 2.85552 2.80716 2.75413 2.70908 2.6461 2.5966 2.54655 2.51725 2.48283 2.44256 2.35458 2.24334 2.04895 1.85415 1.57713 1.34284 1.05464 0.840293 0.605578 0.449461 0.29563 0.203668 0.2877
 1941 1 2 0 0 100  0.00391085 0.18404 1.5298 3.46961 3.23431 1.38236 0.686026 1.34704 2.6819 3.4712 3.52008 3.17695 3.20381 3.69509 4.25531 4.25446 3.72029 3.17991 2.74006 2.63167 2.67849 2.76136 2.84387 2.87599 2.87331 2.84392 2.78669 2.73264 2.66087 2.60058 2.51803 2.44114 2.32137 2.19934 2.00727 1.82213 1.55968 1.33548 1.05579 0.845001 0.611771 0.455389 0.300437 0.2074 0.294223
 1942 1 2 0 0 100  0.00347637 0.156724 1.30169 2.95254 2.76015 1.21784 0.781647 1.62323 3.21266 4.08363 3.87027 3.04737 2.38313 2.45746 2.91887 3.25241 3.49846 3.61654 3.69958 3.67195 3.48593 3.2637 3.01266 2.8881 2.82847 2.82414 2.82356 2.80683 2.75707 2.69566 2.59538 2.49692 2.34857 2.20689 1.99845 1.8075 1.54516 1.32463 1.05071 0.843876 0.613801 0.458531 0.303728 0.210252 0.299873
 1943 1 2 0 0 100  0.00555396 0.287345 2.39256 5.42629 5.04535 2.09329 0.744125 1.30593 2.57219 3.29061 3.19685 2.65354 2.31187 2.50211 2.89642 3.03345 2.95332 2.85502 2.87103 2.99095 3.16298 3.24912 3.25609 3.18952 3.05221 2.92977 2.79552 2.7127 2.63188 2.57139 2.48145 2.38894 2.2417 2.09796 1.88809 1.69954 1.44611 1.2369 0.980161 0.787673 0.574066 0.429837 0.285677 0.198313 0.284591
 1944 1 2 0 0 100  0.0106319 0.606608 5.05894 11.4741 10.653 4.34369 1.17875 1.8016 3.50168 4.4223 4.08331 3.01649 1.96627 1.7283 1.84288 1.94676 1.96239 1.94569 1.9673 2.01376 2.06933 2.10196 2.13775 2.16543 2.18595 2.17879 2.13383 2.07417 1.98341 1.90556 1.80533 1.72052 1.60242 1.49434 1.34012 1.20292 1.01988 0.870004 0.687616 0.551873 0.402026 0.301189 0.200523 0.139502 0.201072
 1945 1 2 0 0 100  0.00504556 0.255385 2.1259 4.82432 4.53423 2.11796 1.89089 4.13647 8.16875 10.2802 9.34848 6.63548 3.75916 2.79336 2.57111 2.48951 2.18421 1.88463 1.62867 1.54662 1.53579 1.55478 1.5847 1.60919 1.63649 1.6513 1.65468 1.6419 1.60404 1.55633 1.47735 1.40107 1.29206 1.19496 1.0623 0.948463 0.800164 0.680549 0.536321 0.429686 0.312539 0.234006 0.155811 0.108491 0.1567
 1946 1 2 0 0 100  0.00452581 0.222705 1.85278 4.20286 3.92532 1.71411 1.02161 2.09564 4.18198 5.41606 5.50278 4.98158 5.03748 5.79351 6.58808 6.4441 5.3173 4.15491 2.99529 2.41942 2.00292 1.79631 1.62313 1.54159 1.49735 1.49141 1.49621 1.49722 1.484 1.45763 1.40211 1.33946 1.24013 1.14609 1.01449 0.901368 0.755629 0.63973 0.501771 0.400825 0.290744 0.217352 0.144544 0.100604 0.145334
 1947 1 2 0 0 100  0.00608186 0.320536 2.66979 6.05549 5.63518 2.3614 0.952238 1.75283 3.45778 4.41563 4.26251 3.4975 3.00771 3.29595 4.01485 4.48362 4.79665 4.90213 4.87622 4.65719 4.08649 3.47243 2.71137 2.2187 1.79657 1.59103 1.44326 1.37822 1.32852 1.29707 1.25148 1.20288 1.12241 1.04224 0.925431 0.822399 0.688053 0.580892 0.45375 0.361269 0.261082 0.194705 0.129188 0.089813 0.129472
 1948 1 2 0 0 100  0.0040991 0.195878 1.62878 3.69531 3.46345 1.57139 1.20455 2.57933 5.10206 6.45747 6.0127 4.53448 3.14217 2.91616 3.19884 3.39981 3.4647 3.50166 3.67183 3.87127 4.04898 4.04966 3.83617 3.5154 3.00067 2.56441 2.07486 1.76466 1.48863 1.34168 1.21585 1.13866 1.04801 0.970728 0.862923 0.768234 0.643724 0.543568 0.424152 0.337153 0.243026 0.180843 0.119685 0.0830673 0.119335
 1949 1 2 0 0 100  0.00270262 0.108077 0.895431 2.03129 1.90941 0.893431 0.804187 1.76556 3.52268 4.53385 4.50387 3.90979 3.69955 4.15741 4.79645 4.88096 4.44276 3.97208 3.60772 3.54194 3.61775 3.71184 3.79477 3.79882 3.68343 3.47989 3.10474 2.74584 2.29041 1.95985 1.61904 1.40646 1.20038 1.06733 0.920537 0.809579 0.673693 0.56772 0.442545 0.351558 0.253122 0.188109 0.124237 0.0860644 0.123127
 1950 1 2 0 0 100  0.00483625 0.242221 2.01566 4.57116 4.24783 1.75066 0.5658 0.953345 1.88505 2.44362 2.49554 2.28957 2.40606 2.9004 3.61147 3.98174 4.16789 4.22538 4.28536 4.28867 4.17505 4.01342 3.81698 3.70858 3.62294 3.55283 3.40397 3.21378 2.8897 2.58195 2.17847 1.86875 1.5249 1.29161 1.04881 0.886158 0.711165 0.588247 0.452198 0.35705 0.255994 0.189878 0.125186 0.0866149 0.123507
 1951 1 2 0 0 100  0.00637104 0.338717 2.82164 6.40001 5.95605 2.49705 1.01206 1.86337 3.65545 4.61087 4.23609 3.09247 1.9537 1.69126 1.86677 2.10403 2.38258 2.62436 2.97049 3.23839 3.48339 3.58432 3.60437 3.55601 3.44214 3.32361 3.15436 3.00231 2.78148 2.57293 2.27235 2.00937 1.67457 1.41798 1.12819 0.926908 0.714237 0.572574 0.425943 0.329747 0.232355 0.170812 0.111828 0.0771242 0.109357
 1952 1 2 0 0 100  0.00603666 0.317695 2.64614 6.00261 5.59866 2.40785 1.26475 2.5133 4.95562 6.27174 5.83705 4.3926 3.00454 2.71536 2.8136 2.77762 2.45205 2.14435 1.94483 1.97243 2.16028 2.35943 2.59612 2.74484 2.85441 2.87473 2.82174 2.72674 2.5573 2.38934 2.14732 1.93351 1.65106 1.42202 1.14606 0.942504 0.718456 0.566399 0.410253 0.31049 0.213103 0.153918 0.0990418 0.0676401 0.0944739
 1953 1 2 0 0 100  0.00344731 0.154899 1.28654 2.91916 2.74546 1.29142 1.19145 2.62074 5.20223 6.61941 6.29398 4.98112 3.89127 3.90463 4.28425 4.29916 3.82561 3.2995 2.77425 2.50799 2.29754 2.19117 2.14088 2.17389 2.28169 2.38435 2.48079 2.50786 2.46496 2.37086 2.1903 2.00688 1.74629 1.52473 1.24752 1.03556 0.794415 0.626039 0.450024 0.336788 0.226923 0.161209 0.101603 0.068346 0.0928481
 1954 1 2 0 0 100  0.00482296 0.241386 2.00872 4.55578 4.23968 1.77724 0.719783 1.32944 2.64233 3.42836 3.5093 3.22671 3.37265 3.99619 4.77323 4.98311 4.72213 4.35153 3.95956 3.71028 3.38072 3.08044 2.71767 2.48887 2.31086 2.24709 2.23327 2.24693 2.25503 2.23099 2.14233 2.02094 1.81431 1.61695 1.35055 1.13571 0.881923 0.699451 0.504584 0.377234 0.252667 0.178034 0.110702 0.0735445 0.0969593
 1955 1 2 0 0 100  0.00567889 0.295201 2.45822 5.5758 5.19363 2.19994 0.998869 1.90797 3.7555 4.75415 4.43266 3.35803 2.37562 2.28015 2.64755 2.98443 3.31033 3.53641 3.78674 3.89954 3.85388 3.67692 3.35819 3.0808 2.75442 2.52723 2.30043 2.1677 2.05185 1.98217 1.89453 1.80638 1.65927 1.51075 1.29527 1.10979 0.878808 0.70557 0.514726 0.38698 0.260004 0.183091 0.113364 0.0748716 0.0965969
 1956 1 2 0 0 100  0.00391093 0.184047 1.52995 3.47103 3.25322 1.47589 1.13086 2.42199 4.79551 6.08243 5.71107 4.39088 3.19229 3.04662 3.28912 3.33889 3.10385 2.87327 2.77692 2.87175 3.08605 3.24226 3.34049 3.32114 3.17995 2.99575 2.72263 2.50112 2.25025 2.07793 1.89292 1.75887 1.59187 1.44961 1.25573 1.09007 0.879263 0.716275 0.531092 0.403573 0.27392 0.193921 0.120475 0.0795713 0.101775
 1957 1 2 0 0 100  0.00437271 0.213078 1.77233 4.0199 3.74756 1.60306 0.801821 1.57668 3.13114 4.02992 4.00413 3.47844 3.29994 3.72159 4.32199 4.43189 4.0794 3.66373 3.27962 3.1165 3.01143 2.96553 2.95176 2.97378 3.00772 3.00422 2.92612 2.80067 2.58404 2.38375 2.12641 1.9265 1.68922 1.50766 1.28638 1.11215 0.899702 0.738012 0.553624 0.425011 0.292036 0.208525 0.130665 0.0867073 0.111277
 1958 1 2 0 0 100  0.00675997 0.36317 3.02584 6.8629 6.38097 2.64669 0.937514 1.64186 3.22421 4.09855 3.88535 3.05933 2.38538 2.44065 2.85082 3.11832 3.26766 3.32316 3.38391 3.3918 3.29104 3.1344 2.91958 2.77942 2.66391 2.60699 2.54916 2.49246 2.38666 2.26697 2.07596 1.89836 1.66064 1.46746 1.23172 1.05173 0.841315 0.687013 0.515186 0.396786 0.27454 0.197383 0.124809 0.0833955 0.108257
 1959 1 2 0 0 100  0.00624006 0.330484 2.75295 6.24499 5.82518 2.50745 1.32708 2.64139 5.20355 6.57152 6.06441 4.47185 2.89029 2.5037 2.60273 2.67462 2.57833 2.46832 2.44166 2.50907 2.61767 2.67222 2.67425 2.62668 2.52288 2.42002 2.28755 2.18662 2.06531 1.96457 1.82202 1.68972 1.50192 1.33841 1.12738 0.960554 0.763453 0.619625 0.461635 0.354401 0.244955 0.176378 0.111999 0.0751954 0.0987645
 1960 1 2 0 0 100  0.00316822 0.137352 1.14001 2.58694 2.43973 1.18005 1.22626 2.73578 5.43407 6.91549 6.57899 5.21185 4.07637 4.08428 4.45238 4.42723 3.87553 3.29823 2.76854 2.5547 2.45106 2.42585 2.42116 2.42722 2.42717 2.40565 2.34017 2.25827 2.1285 2.00958 1.84755 1.70803 1.52093 1.3618 1.1553 0.989116 0.788858 0.640491 0.476329 0.364784 0.25134 0.180639 0.114591 0.0769695 0.101712
 1961 1 2 0 0 100  0.00614193 0.324312 2.70127 6.12627 5.69062 2.3339 0.700059 1.13764 2.25295 2.94148 3.07883 2.94415 3.26041 3.958 4.76808 4.98265 4.71724 4.33675 3.92574 3.66002 3.31905 3.02424 2.68821 2.48865 2.33556 2.26745 2.20822 2.1586 2.07462 1.98434 1.84237 1.70856 1.52223 1.36259 1.15663 0.991761 0.793143 0.645417 0.481 0.368654 0.25399 0.182419 0.11559 0.0775821 0.102622
 1962 1 2 0 0 100  0.00692734 0.373694 3.1138 7.06308 6.57774 2.78015 1.23389 2.33973 4.59456 5.79005 5.29899 3.83126 2.34866 1.98012 2.17864 2.48391 2.84231 3.11136 3.4003 3.52923 3.49777 3.33456 3.03847 2.78263 2.48492 2.27867 2.06833 1.93617 1.80327 1.70934 1.58921 1.48251 1.33156 1.19815 1.02156 0.877896 0.703461 0.573204 0.427884 0.328358 0.226539 0.162842 0.103266 0.0693467 0.0916913
 1963 1 2 0 0 100  0.00540025 0.277683 2.312 5.24506 4.9018 2.15537 1.35125 2.7932 5.52124 6.99937 6.55799 5.0145 3.5832 3.35384 3.52694 3.47336 3.03148 2.61208 2.31659 2.30678 2.45773 2.60214 2.71219 2.7142 2.60883 2.45823 2.2286 2.03899 1.81949 1.6641 1.49201 1.36557 1.2118 1.08753 0.928626 0.800338 0.643775 0.525968 0.393669 0.302605 0.20913 0.150503 0.0955681 0.0642431 0.085007
 1964 1 2 0 0 100  0.00527991 0.270117 2.24875 5.10101 4.75852 2.05039 1.09528 2.18818 4.33539 5.54242 5.36801 4.42466 3.78944 4.03863 4.57246 4.64741 4.21439 3.70674 3.18722 2.90429 2.64139 2.47246 2.32823 2.27581 2.26019 2.24906 2.19164 2.09891 1.93308 1.77575 1.57009 1.40878 1.21763 1.07343 0.902423 0.772274 0.618869 0.505491 0.378875 0.291731 0.202059 0.145646 0.0926431 0.0623497 0.0826285
 1965 1 2 0 0 100  0.00461055 0.228033 1.89728 4.30389 4.02053 1.7597 1.06603 2.18927 4.33438 5.51812 5.26016 4.19146 3.34896 3.45545 3.96909 4.21186 4.17675 4.03648 3.88596 3.76483 3.52435 3.25379 2.88857 2.62904 2.37986 2.237 2.10536 2.01739 1.90281 1.79467 1.63252 1.48451 1.28736 1.128 0.93567 0.791272 0.625978 0.507445 0.378088 0.290451 0.201004 0.144944 0.092302 0.0621894 0.0826182
 1966 1 2 0 0 100  0.00922447 0.518117 4.31989 9.79771 9.09715 3.71209 1.02125 1.57616 3.0808 3.93459 3.7981 3.11022 2.63567 2.80965 3.2384 3.39316 3.29216 3.14237 3.0508 3.04945 3.03916 2.97636 2.82366 2.65835 2.42244 2.2265 1.99438 1.82947 1.6521 1.52732 1.3798 1.26079 1.10548 0.976528 0.814338 0.688388 0.541824 0.4365 0.322554 0.246354 0.169558 0.12194 0.0775435 0.0522645 0.0694363
 1967 1 2 0 0 100  0.00528585 0.270493 2.25203 5.10988 4.79049 2.17924 1.69608 3.63841 7.18006 9.03785 8.22749 5.85928 3.3744 2.58906 2.52614 2.60946 2.58385 2.52396 2.50484 2.52568 2.53451 2.50661 2.43743 2.36438 2.25001 2.13517 1.96306 1.80995 1.6137 1.46117 1.28218 1.14862 0.99102 0.870256 0.724684 0.61334 0.483459 0.389439 0.287147 0.218626 0.149763 0.107303 0.0679723 0.045725 0.0605017
 1968 1 2 0 0 100  0.00474163 0.236274 1.96611 4.45998 4.16487 1.81574 1.06829 2.18374 4.34537 5.59517 5.56586 4.84064 4.57613 5.09993 5.7441 5.63577 4.71895 3.79031 2.92391 2.56195 2.38287 2.33496 2.29935 2.26693 2.20732 2.13808 2.02093 1.90413 1.73507 1.58697 1.39467 1.24096 1.05536 0.914834 0.751089 0.630412 0.493632 0.39646 0.291674 0.221755 0.151581 0.108369 0.0684285 0.0459075 0.0604134
 1969 1 2 0 0 100  0.00547172 0.282176 2.34944 5.32907 4.96482 2.10796 0.980774 1.88881 3.73323 4.76523 4.59067 3.74756 3.17583 3.42731 4.08613 4.46247 4.61298 4.59107 4.47606 4.27025 3.81969 3.35938 2.81404 2.48226 2.21615 2.08722 1.96916 1.87826 1.74749 1.62516 1.45301 1.3049 1.11524 0.965556 0.787703 0.656269 0.508833 0.405736 0.296312 0.224283 0.152668 0.108864 0.0685461 0.0458878 0.0600575
 1970 1 2 0 0 100  0.00597093 0.313562 2.61159 5.92389 5.52 2.3486 1.11574 2.16004 4.25929 5.40543 5.08881 3.93985 2.9311 2.87526 3.22937 3.42553 3.44443 3.42151 3.49628 3.61241 3.70038 3.66145 3.46255 3.20898 2.83091 2.52253 2.17884 1.95369 1.72986 1.58149 1.41086 1.27529 1.10151 0.960548 0.787758 0.656879 0.508042 0.403454 0.292758 0.220399 0.149081 0.105845 0.0663459 0.0442905 0.0576085
 1971 1 2 0 0 100  0.00353583 0.160464 1.33301 3.02453 2.84243 1.32678 1.18042 2.58352 5.12212 6.50301 6.12986 4.75711 3.54773 3.45941 3.79321 3.88433 3.64233 3.36726 3.17408 3.16022 3.21942 3.2656 3.28334 3.25212 3.13626 2.97474 2.69946 2.44367 2.11753 1.87196 1.59773 1.40431 1.18746 1.02816 0.842104 0.703465 0.545399 0.433469 0.314224 0.236012 0.158966 0.112411 0.0700883 0.0465934 0.0601507
 1972 1 2 0 0 100  0.00621795 0.329091 2.7412 6.217 5.77737 2.3815 0.772714 1.30472 2.57941 3.34064 3.3971 3.08509 3.15752 3.69681 4.3694 4.51682 4.21291 3.83813 3.49559 3.34658 3.22266 3.13032 3.028 2.96784 2.90694 2.84576 2.72284 2.57741 2.34083 2.11987 1.82702 1.59462 1.32177 1.12302 0.900912 0.743659 0.571364 0.452482 0.327329 0.245626 0.165204 0.116618 0.07249 0.0480452 0.0615597
 1973 1 2 0 0 100  0.00455317 0.224426 1.8672 4.23606 3.9644 1.77015 1.23141 2.59364 5.11917 6.45777 5.93382 4.33301 2.73698 2.36221 2.57856 2.85743 3.11949 3.2909 3.47742 3.55608 3.50792 3.37011 3.15376 2.99276 2.82859 2.71907 2.58835 2.47481 2.30654 2.14504 1.91038 1.70317 1.43476 1.22358 0.976914 0.799295 0.606049 0.475159 0.340245 0.253816 0.16984 0.119554 0.0741086 0.0490165 0.0624651
 1974 1 2 0 0 100  0.00430131 0.20859 1.73488 3.93525 3.67422 1.59874 0.925905 1.88508 3.74334 4.80077 4.70552 3.97435 3.56497 3.87989 4.37581 4.37269 3.85115 3.33215 2.93759 2.87624 2.97869 3.08869 3.16628 3.15863 3.06722 2.94602 2.76381 2.6084 2.40908 2.24275 2.01938 1.82603 1.56932 1.35832 1.09963 0.905209 0.687362 0.537308 0.382098 0.283132 0.18788 0.131469 0.0809793 0.0533353 0.0675621
 1975 1 2 0 0 100  0.00806061 0.444943 3.70876 8.41165 7.8131 3.20232 0.950133 1.5308 2.99779 3.82432 3.67652 2.98626 2.49697 2.66124 3.12496 3.36296 3.40359 3.34324 3.26335 3.18052 3.00952 2.83794 2.65433 2.56556 2.5149 2.48885 2.43068 2.34917 2.20375 2.05991 1.85701 1.68216 1.45413 1.26827 1.03877 0.863228 0.662061 0.520377 0.371275 0.275063 0.182001 0.126879 0.0777279 0.0509758 0.0639615
 1976 1 2 0 0 100  0.00684749 0.368674 3.07194 6.96884 6.50187 2.80597 1.5187 3.03837 5.98054 7.53458 6.88466 4.95097 2.951 2.35678 2.35794 2.44335 2.42188 2.37649 2.39026 2.44603 2.49647 2.48795 2.4172 2.32959 2.20578 2.1079 1.99605 1.91356 1.8083 1.71312 1.57204 1.44086 1.25914 1.10548 0.912182 0.762646 0.589586 0.466331 0.335047 0.249298 0.165523 0.115516 0.0707391 0.0463319 0.0576718
 1977 1 2 0 0 100  0.00648265 0.345736 2.88033 6.53388 6.09271 2.61319 1.34016 2.6494 5.2372 6.66814 6.35583 5.05548 3.98592 4.00302 4.33207 4.24725 3.6019 2.94916 2.34871 2.10756 2.00116 1.98342 1.97771 1.96814 1.93641 1.88999 1.80641 1.72414 1.60975 1.51188 1.38154 1.26946 1.11861 0.990618 0.826386 0.696462 0.5432 0.432334 0.312814 0.233924 0.156162 0.109362 0.0671843 0.0440715 0.0547495
 1978 1 2 0 0 100  0.00453665 0.223387 1.85854 4.21652 3.94804 1.77224 1.27556 2.7053 5.36099 6.81814 6.47202 5.10563 3.97226 4.00369 4.48598 4.64225 4.38733 4.02442 3.60964 3.31775 2.93 2.59839 2.22685 2.00836 1.83983 1.76234 1.69243 1.63604 1.54993 1.46591 1.34359 1.23439 1.08753 0.964494 0.808176 0.684771 0.538334 0.431318 0.314587 0.236628 0.158995 0.111839 0.0690208 0.0454006 0.0566126
 1979 1 2 0 0 100  0.00352467 0.159761 1.32709 3.01043 2.81866 1.26495 0.908974 1.92941 3.84046 4.93201 4.8605 4.15555 3.83651 4.28337 5.00486 5.21365 4.96267 4.62044 4.30647 4.14641 3.92383 3.67062 3.27896 2.94715 2.55723 2.28496 2.00772 1.83572 1.66809 1.55597 1.42221 1.31075 1.16075 1.03314 0.869021 0.738568 0.583201 0.469242 0.344305 0.260308 0.176024 0.124407 0.0771786 0.0509313 0.0639969
 1980 1 2 0 0 100  0.00362687 0.166186 1.38069 3.13152 2.92255 1.26564 0.704912 1.42261 2.82553 3.62911 3.58035 3.07212 2.87547 3.27408 3.97474 4.34477 4.51445 4.56918 4.66619 4.72362 4.66241 4.4906 4.17604 3.8854 3.49931 3.17867 2.77855 2.47535 2.1374 1.90549 1.65898 1.48759 1.29164 1.14207 0.959241 0.816704 0.647297 0.522622 0.385249 0.292394 0.198715 0.14101 0.0879014 0.0582016 0.0738201
 1981 1 2 0 0 100  0.00540165 0.27777 2.31259 5.24501 4.87879 2.03392 0.769686 1.38396 2.72442 3.47218 3.32521 2.67892 2.20342 2.33363 2.76537 3.03785 3.22696 3.36751 3.6282 3.87117 4.11599 4.22194 4.23315 4.1516 3.94567 3.70841 3.34794 3.03158 2.63166 2.32445 1.97124 1.71802 1.43785 1.23925 1.01654 0.855312 0.672759 0.542193 0.400043 0.304312 0.207597 0.147811 0.0925449 0.0614847 0.0786932
 1982 1 2 0 0 100  0.00520346 0.26531 2.20861 5.00998 4.6744 2.01802 1.09516 2.19304 4.32337 5.46574 5.06621 3.7777 2.52949 2.27169 2.43015 2.54245 2.5262 2.49625 2.57486 2.73246 2.97747 3.16971 3.37451 3.49357 3.55912 3.52964 3.38539 3.19322 2.88226 2.59828 2.22888 1.939 1.60063 1.35551 1.08409 0.894318 0.688934 0.548397 0.40053 0.303372 0.20656 0.147148 0.0923328 0.0614991 0.0793117
 1983 1 2 0 0 100  0.00771803 0.423405 3.52893 8.00416 7.44203 3.08649 1.0923 1.91286 3.75951 4.78704 4.56548 3.63757 2.88585 2.92376 3.21735 3.22717 2.87994 2.51527 2.20677 2.11679 2.13135 2.19517 2.31049 2.42095 2.55708 2.64084 2.68363 2.65488 2.53506 2.37786 2.1232 1.88999 1.58638 1.34865 1.07317 0.876444 0.664026 0.521081 0.374339 0.280455 0.189017 0.133947 0.0837598 0.0557598 0.0720702
 1984 1 2 0 0 100  0.00505951 0.256261 2.13312 4.8397 4.53203 2.03669 1.47576 3.1308 6.18465 7.81071 7.20808 5.31571 3.43808 2.98199 3.10303 3.18236 3.02559 2.81134 2.59134 2.45947 2.29611 2.15939 2.02144 1.96503 1.96532 2.0032 2.06058 2.09061 2.0825 2.02868 1.89855 1.74947 1.52296 1.32396 1.07323 0.88289 0.669543 0.523022 0.372025 0.276031 0.183747 0.129052 0.0799565 0.0529443 0.0679794
 1985 1 2 0 0 100  0.00517948 0.263802 2.196 4.98124 4.64535 1.99467 1.03353 2.05056 4.07011 5.22727 5.15128 4.39935 4.03257 4.44322 5.04114 5.04259 4.41545 3.74733 3.11309 2.82204 2.60437 2.4615 2.28382 2.15087 2.0133 1.93229 1.86733 1.83778 1.81012 1.77886 1.70759 1.61634 1.45856 1.30368 1.0896 0.914244 0.70588 0.556224 0.397437 0.294645 0.195162 0.136235 0.0836628 0.0550038 0.0697208
 1986 1 2 0 0 100  0.00696172 0.375855 3.13181 7.10355 6.60899 2.76204 1.07856 1.96207 3.86186 4.9131 4.67179 3.70347 2.93088 3.02023 3.51063 3.79327 3.8769 3.83804 3.7587 3.63838 3.35416 3.04018 2.63601 2.36023 2.09821 1.94289 1.79328 1.69834 1.60068 1.5323 1.4465 1.36856 1.25007 1.13617 0.97365 0.834088 0.659719 0.528492 0.383774 0.287068 0.191384 0.133826 0.0820857 0.0538079 0.0674399
 1987 1 2 0 0 100  0.00443551 0.217029 1.80545 4.09633 3.84013 1.74616 1.35576 2.90884 5.75289 7.27689 6.75864 5.06408 3.43606 3.11507 3.3256 3.44026 3.32987 3.18802 3.12754 3.16576 3.20855 3.17676 3.03312 2.84908 2.56663 2.32591 2.04243 1.8462 1.64561 1.51558 1.37707 1.27526 1.14756 1.0399 0.896064 0.775332 0.623491 0.506881 0.374822 0.284076 0.192014 0.13539 0.0836367 0.0549864 0.0688372
 1988 1 2 0 0 100  0.0068548 0.369132 3.07564 6.97586 6.48585 2.68954 0.950245 1.66519 3.28963 4.23566 4.21492 3.67099 3.49201 3.93011 4.52205 4.57427 4.09875 3.58125 3.11552 2.93338 2.83601 2.78873 2.72591 2.66331 2.55329 2.42913 2.22819 2.04208 1.80125 1.61665 1.4078 1.25969 1.09356 0.970748 0.823795 0.709507 0.571489 0.467328 0.349353 0.267521 0.183272 0.13056 0.0815856 0.054045 0.0683371
 1989 1 2 0 0 100  0.00499577 0.252253 2.09962 4.7634 4.45611 1.98096 1.33934 2.8072 5.54264 7.00037 6.46356 4.77638 3.12548 2.77483 3.02336 3.27072 3.41189 3.45242 3.47669 3.44 3.26983 3.05526 2.77526 2.58899 2.41432 2.3016 2.16132 2.0348 1.85258 1.69105 1.48029 1.31291 1.11432 0.967215 0.799006 0.676301 0.536817 0.436377 0.325767 0.250158 0.172542 0.123794 0.0781277 0.0521704 0.067003
 1990 1 2 0 0 100  0.00584568 0.305687 2.5458 5.7745 5.37856 2.27759 1.03173 1.97254 3.90444 5.00274 4.88679 4.09915 3.63039 3.929 4.43654 4.45582 3.96274 3.45479 3.04078 2.92878 2.92692 2.9332 2.87996 2.78125 2.60436 2.43878 2.22673 2.06319 1.86771 1.71387 1.51852 1.35886 1.15881 1.00284 0.81916 0.684429 0.533905 0.428604 0.31616 0.24135 0.165959 0.119151 0.0754795 0.0506395 0.0659392
 1991 1 2 0 0 100  0.00287671 0.119024 0.986928 2.23961 2.11576 1.04061 1.15213 2.58676 5.1316 6.50945 6.11627 4.71494 3.47371 3.39207 3.82288 4.07662 4.09882 4.00892 3.90071 3.79804 3.5856 3.36044 3.08795 2.91666 2.75641 2.64263 2.48265 2.33121 2.11759 1.93561 1.70439 1.52068 1.29599 1.12222 0.91618 0.763311 0.591252 0.470908 0.343533 0.259999 0.177162 0.126524 0.0798315 0.053499 0.0700479
 1992 1 2 0 0 100  0.00636556 0.338371 2.81867 6.3924 5.93464 2.41837 0.649445 0.990372 1.95761 2.56526 2.719 2.65398 3.01637 3.68727 4.42147 4.57951 4.28745 3.94391 3.68327 3.62579 3.60911 3.56089 3.42704 3.27364 3.05015 2.86186 2.63037 2.45209 2.23342 2.05589 1.82562 1.63537 1.39557 1.20727 0.983299 0.817301 0.630768 0.500492 0.362937 0.273128 0.184681 0.131097 0.0821554 0.0548176 0.0715001
 1993 1 2 0 0 100  0.00516975 0.263191 2.19095 4.97033 4.64428 2.03834 1.25997 2.59463 5.11091 6.43237 5.85446 4.17219 2.43199 1.9403 2.07856 2.38064 2.75885 3.04718 3.35587 3.50379 3.52193 3.43272 3.2733 3.14593 2.99285 2.86168 2.67245 2.50091 2.27001 2.07865 1.83704 1.64384 1.40462 1.21733 0.993097 0.825567 0.636285 0.503776 0.363948 0.272883 0.18355 0.129706 0.0808151 0.0536872 0.0694325
 1994 1 2 0 0 100  0.0045688 0.225408 1.87536 4.25412 3.9737 1.73757 1.04538 2.14481 4.25336 5.43463 5.2513 4.30333 3.62474 3.79421 4.17854 4.11149 3.52029 2.95496 2.53005 2.47809 2.63609 2.81428 2.98375 3.04234 3.01559 2.92928 2.76827 2.61242 2.39575 2.20865 1.96175 1.75771 1.50128 1.29996 1.05963 0.880594 0.678472 0.536871 0.38729 0.289835 0.194321 0.136879 0.0848938 0.0561724 0.0720216
 1995 1 2 0 0 100  0.00745468 0.406848 3.39062 7.69026 7.14758 2.95175 0.983897 1.67932 3.3004 4.21462 4.06675 3.32845 2.82261 3.01982 3.50954 3.70863 3.62513 3.4397 3.22012 3.05428 2.81654 2.61843 2.43316 2.36598 2.3627 2.38193 2.3765 2.32739 2.20607 2.06904 1.86348 1.6818 1.44511 1.25498 1.02492 0.852157 0.656445 0.519172 0.374164 0.279728 0.187233 0.131664 0.0814512 0.0537713 0.0684232
 1996 1 2 0 0 100  0.00367294 0.169085 1.40507 3.18855 3.00423 1.43914 1.43756 3.18953 6.30962 7.96181 7.32222 5.35419 3.37626 2.86734 2.98413 3.11916 3.10079 3.03515 3.01566 3.03254 3.00651 2.91818 2.74526 2.58926 2.4088 2.28985 2.1762 2.10468 2.01683 1.9313 1.79079 1.64995 1.44607 1.26971 1.04639 0.873879 0.675361 0.534808 0.385624 0.288224 0.192752 0.1354 0.0836149 0.0551039 0.0697713
 1997 1 2 0 0 100  0.00570889 0.297086 2.47391 5.61089 5.21762 2.16787 0.786456 1.39509 2.77247 3.61092 3.74461 3.51846 3.77498 4.47427 5.2043 5.20761 4.53445 3.83167 3.19805 2.95407 2.84418 2.80777 2.75422 2.69066 2.58034 2.46926 2.31302 2.18441 2.02849 1.90761 1.75388 1.62214 1.44062 1.28223 1.0743 0.907267 0.708661 0.564494 0.408978 0.30634 0.205126 0.144109 0.0889322 0.0585417 0.0738972
 1998 1 2 0 0 100  0.00395838 0.18703 1.55487 3.52755 3.30572 1.4974 1.13694 2.43031 4.80336 6.06978 5.61749 4.179 2.80639 2.58194 2.95123 3.33509 3.70555 3.92909 4.10048 4.08622 3.84099 3.52375 3.12151 2.86656 2.64739 2.52382 2.38819 2.27503 2.1185 1.98211 1.80154 1.65088 1.45578 1.29483 1.09012 0.927206 0.731959 0.588012 0.430001 0.323999 0.218136 0.153683 0.0950315 0.062587 0.0789779
 1999 1 2 0 0 100  0.00532051 0.272668 2.27 5.14857 4.79208 2.01241 0.832077 1.54617 3.06197 3.93915 3.90714 3.38095 3.17818 3.55504 4.08366 4.14244 3.76627 3.39076 3.16018 3.19493 3.3583 3.46542 3.47742 3.37843 3.15183 2.92777 2.64719 2.44398 2.22114 2.0593 1.86254 1.70252 1.49594 1.32658 1.11408 0.947493 0.74994 0.604912 0.44531 0.337504 0.228852 0.162044 0.100714 0.0665232 0.084306
 2000 1 2 0 0 100  0.00859019 0.478239 3.98687 9.04275 8.40326 3.46356 1.12172 1.88733 3.69221 4.67516 4.36306 3.31036 2.34089 2.2235 2.50329 2.71452 2.82281 2.8523 2.88698 2.89321 2.83626 2.75391 2.65983 2.61161 2.5657 2.5114 2.39377 2.25895 2.05693 1.88394 1.66914 1.50306 1.303 1.14774 0.959223 0.814205 0.643985 0.519811 0.383569 0.291584 0.198671 0.141299 0.0883404 0.0586292 0.0748361
 2001 1 2 0 0 100  0.00470415 0.233919 1.94657 4.41696 4.14656 1.9138 1.61002 3.49444 6.90544 8.70953 7.99334 5.81123 3.58226 2.94437 2.92721 2.92259 2.68051 2.43467 2.26159 2.2475 2.29853 2.33592 2.34518 2.32269 2.26643 2.20511 2.11266 2.0252 1.89435 1.77031 1.59353 1.44009 1.24277 1.08635 0.898595 0.757446 0.595449 0.479311 0.353228 0.268624 0.183361 0.130713 0.0820295 0.0546329 0.0702586
 2002 1 2 0 0 100  0.00689129 0.371426 3.09481 7.01944 6.52798 2.71485 0.997207 1.77606 3.51681 4.54266 4.57299 4.07063 4.01136 4.57315 5.22787 5.18855 4.43989 3.65149 2.88356 2.52009 2.26924 2.14745 2.04648 1.99908 1.96519 1.94097 1.89404 1.83651 1.73822 1.64001 1.49597 1.36648 1.19222 1.04767 0.868085 0.730324 0.57145 0.458029 0.335973 0.254828 0.173639 0.123761 0.0777476 0.05187 0.0670465
 2003 1 2 0 0 100  0.00551593 0.284956 2.37274 5.38279 5.02893 2.20352 1.34605 2.76678 5.45988 6.90021 6.38817 4.75347 3.18183 2.89359 3.21657 3.52061 3.72155 3.78756 3.78829 3.67453 3.34179 2.96851 2.49973 2.19602 1.93521 1.80383 1.69545 1.629 1.54736 1.47298 1.36149 1.25667 1.10937 0.982722 0.820705 0.693409 0.544022 0.436129 0.319432 0.241801 0.164327 0.116918 0.0733498 0.0489269 0.063322
 2004 1 2 0 0 100  0.00773001 0.424158 3.53522 8.01856 7.45729 3.10193 1.14185 2.03258 4.00393 5.11438 4.93761 4.04086 3.40336 3.58139 4.0092 4.0404 3.63609 3.21976 2.89828 2.82905 2.84112 2.82906 2.71876 2.55248 2.27992 2.044 1.77159 1.59037 1.41309 1.30108 1.17925 1.08506 0.962201 0.858123 0.723226 0.615138 0.485879 0.391032 0.287275 0.217702 0.147981 0.10524 0.0659744 0.0439934 0.0568347
 2005 1 2 0 0 100  0.00444823 0.217829 1.81216 4.11184 3.85936 1.77757 1.47959 3.2072 6.34298 8.01585 7.41727 5.50797 3.6447 3.24149 3.45375 3.60634 3.53485 3.38483 3.23097 3.12877 2.96461 2.79925 2.59382 2.45297 2.29641 2.1648 1.97242 1.79838 1.57382 1.40245 1.21024 1.07513 0.924338 0.813158 0.680925 0.57946 0.459566 0.371442 0.274285 0.208562 0.142208 0.101294 0.0635697 0.0424059 0.0547289
 2006 1 2 0 0 100  0.00358779 0.163729 1.36022 3.08554 2.88742 1.28828 0.892603 1.88414 3.75905 4.85386 4.87975 4.33422 4.26272 4.87044 5.61997 5.66332 5.02699 4.3457 3.72843 3.47711 3.31664 3.20761 3.04118 2.8861 2.67716 2.50345 2.28242 2.10344 1.87651 1.69282 1.46473 1.28834 1.08202 0.930897 0.760033 0.637015 0.499279 0.401787 0.296352 0.22561 0.154221 0.110081 0.069227 0.0462199 0.0597777
 2007 1 2 0 0 100  0.00737461 0.401812 3.34853 7.59439 7.05214 2.88143 0.811051 1.26935 2.48794 3.19159 3.1358 2.67012 2.47151 2.81408 3.46027 3.84745 4.09422 4.19688 4.26654 4.22501 3.99077 3.69218 3.29587 3.02171 2.74898 2.56618 2.34937 2.1732 1.9461 1.76103 1.53001 1.34874 1.13128 0.96778 0.780244 0.645497 0.497482 0.395594 0.288468 0.218307 0.148635 0.105992 0.0666917 0.0445858 0.057825
 2008 1 2 0 0 100  0.00349188 0.157701 1.31 2.97292 2.80442 1.35955 1.42493 3.17784 6.28162 7.90932 7.20952 5.1533 3.0141 2.37023 2.39511 2.56077 2.70356 2.82581 3.06455 3.29063 3.51374 3.59438 3.55611 3.42684 3.1765 2.9355 2.62395 2.38494 2.1071 1.89865 1.64875 1.45498 1.2214 1.04404 0.83867 0.690171 0.526998 0.415336 0.299316 0.224504 0.151397 0.107327 0.0671838 0.044805 0.0580369
 2009 1 2 0 0 100  0.00696171 0.375853 3.13173 7.10265 6.59646 2.69994 0.783519 1.25078 2.47491 3.23166 3.3815 3.2254 3.52975 4.20561 4.86512 4.81081 4.08182 3.35121 2.72003 2.5245 2.54368 2.6548 2.807 2.89767 2.93372 2.88671 2.73558 2.55595 2.28799 2.05857 1.77307 1.55355 1.29537 1.10338 0.883424 0.725014 0.551088 0.432213 0.309142 0.230291 0.153914 0.108357 0.0672977 0.0446482 0.0573831
 2010 1 2 0 0 100  0.00414379 0.198688 1.65228 3.74897 3.51906 1.62224 1.35592 2.93955 5.80517 7.31286 6.68078 4.80758 2.89766 2.39392 2.5881 2.91592 3.26011 3.46875 3.61331 3.57862 3.33054 3.04046 2.71388 2.54927 2.46614 2.45455 2.43776 2.38789 2.25998 2.10764 1.87174 1.66213 1.39457 1.18715 0.946695 0.773726 0.585008 0.456885 0.324988 0.240936 0.159967 0.111985 0.0690443 0.0455461 0.0578837
 2011 1 2 0 0 100  0.0047628 0.237604 1.97717 4.48455 4.1792 1.78022 0.855916 1.66609 3.31244 4.27747 4.30108 3.81983 3.74813 4.2621 4.86603 4.836 4.18748 3.54982 3.04935 2.94561 3.01837 3.09599 3.10274 3.02019 2.84055 2.67449 2.48392 2.35625 2.21483 2.09743 1.9231 1.75584 1.51812 1.3155 1.06376 0.873999 0.661758 0.515956 0.365536 0.269898 0.178184 0.124133 0.0760383 0.0498839 0.0626894
 2012 1 2 0 0 100  0.00500144 0.252608 2.1025 4.76907 4.44704 1.9073 0.977161 1.93031 3.81105 4.84067 4.57397 3.57552 2.74249 2.78231 3.25918 3.5929 3.8016 3.8746 3.90385 3.83909 3.6113 3.35791 3.06793 2.90639 2.78102 2.70262 2.58499 2.46381 2.28536 2.13016 1.92771 1.75888 1.53691 1.35109 1.11463 0.929344 0.713807 0.560749 0.39925 0.295066 0.194508 0.135136 0.0823958 0.0538189 0.0669692

15 #_N_age_bins
 1 2 3 4 5 6 7 8 9 10 11 12 13 14 15
1 #_N_ageerror_definitions
 -1 -1 -1 -1 -1 -1 -1 -1 -1 -1 -1 -1 -1 -1 -1 -1 -1 -1 -1 -1 -1 -1 -1 -1 -1 -1
 0.001 0.001 0.001 0.001 0.001 0.001 0.001 0.001 0.001 0.001 0.001 0.001 0.001 0.001 0.001 0.001 0.001 0.001 0.001 0.001 0.001 0.001 0.001 0.001 0.001 0.001
150 #_N_Agecomp_obs
1 #_Lbin_method: 1=poplenbins; 2=datalenbins; 3=lengths
-1 #_combine males into females at or below this bin number
#Yr Seas Flt/Svy Gender Part Ageerr Lbin_lo Lbin_hi Nsamp datavector(female-male)
 1938 1 1 0 0 1 -1 -1 100  2.05263 18.7926 12.906 15.8483 6.13298 3.57548 9.61011 5.70064 4.58981 2.11208 4.35947 2.60449 2.89955 1.72827 7.08751
 1939 1 1 0 0 1 -1 -1 100  4.74646 11.9596 17.2225 10.8042 13.2234 5.11628 2.98276 8.01671 4.75551 3.82888 1.76202 3.63673 2.17277 2.4189 7.35325
 1940 1 1 0 0 1 -1 -1 100  2.38602 24.9645 9.89185 13.012 8.13595 9.95569 3.85203 2.24581 6.03559 3.58041 2.8828 1.32677 2.73814 1.63601 7.35641
 1941 1 1 0 0 1 -1 -1 100  2.90913 13.8563 22.8021 8.25318 10.8206 6.76442 8.2772 3.20268 1.8673 5.01806 2.97686 2.39688 1.10322 2.27662 7.47548
 1942 1 1 0 0 1 -1 -1 100  2.45186 16.6775 12.493 18.7794 6.77485 8.88053 5.55157 6.79305 2.62853 1.53262 4.11836 2.4432 1.96723 0.905564 8.00263
 1943 1 1 0 0 1 -1 -1 100  4.7564 14.0174 14.9961 10.2613 15.3738 5.54523 7.26853 4.5439 5.55999 2.15152 1.25456 3.37087 1.99983 1.61027 7.29032
 1944 1 1 0 0 1 -1 -1 100  11.7776 22.5654 10.4578 10.2197 6.97004 10.4404 3.76593 4.93616 3.08594 3.77593 1.46135 0.852253 2.28937 1.35835 6.04376
 1945 1 1 0 0 1 -1 -1 100  4.27254 45.5907 13.735 5.81474 5.66363 3.86207 5.78464 2.08684 2.73517 1.71011 2.09238 0.810059 0.472609 1.2688 4.10079
 1946 1 1 0 0 1 -1 -1 100  3.60692 22.111 37.103 10.2106 4.3086 4.19579 2.86116 4.28534 1.54612 2.02638 1.26705 1.55023 0.600324 0.350353 3.97713
 1947 1 1 0 0 1 -1 -1 100  5.40946 19.2357 18.5442 28.4246 7.79673 3.28947 3.20329 2.18443 3.27163 1.18053 1.54716 0.967497 1.18367 0.45852 3.30305
 1948 1 1 0 0 1 -1 -1 100  3.14543 27.2441 15.2344 13.4157 20.4955 5.62089 2.37159 2.30946 1.57498 2.35872 0.851298 1.11559 0.697725 0.853557 2.71118
 1949 1 1 0 0 1 -1 -1 100  1.65487 17.7747 24.2123 12.3674 10.855 16.5801 4.54714 1.91865 1.86839 1.27425 1.90824 0.688834 0.902629 0.564604 2.88302
 1950 1 1 0 0 1 -1 -1 100  3.91658 9.93768 16.7908 20.8925 10.6365 9.33395 14.2564 3.90996 1.64988 1.60666 1.09579 1.64092 0.592429 0.776258 2.96369
 1951 1 1 0 0 1 -1 -1 100  5.76872 20.7105 8.26409 12.7545 15.8178 8.05147 7.06536 10.7913 2.95979 1.24907 1.21636 0.829674 1.2423 0.448666 2.83034
 1952 1 1 0 0 1 -1 -1 100  5.39104 27.9111 15.7573 5.74364 8.83512 10.9548 5.57618 4.89325 7.47356 2.05003 0.865323 0.842668 0.574878 0.86063 2.27041
 1953 1 1 0 0 1 -1 -1 100  2.44237 27.2005 22.1451 11.4202 4.14917 6.38101 7.9117 4.0273 3.5341 5.39755 1.48078 0.625199 0.608838 0.415445 2.26074
 1954 1 1 0 0 1 -1 -1 100  3.91517 13.9648 24.4611 18.1913 9.35035 3.39659 5.22341 6.47635 3.29675 2.89304 4.41838 1.21228 0.511942 0.498549 2.18997
 1955 1 1 0 0 1 -1 -1 100  4.93013 20.8179 11.6774 18.684 13.8491 7.11717 2.58547 3.9759 4.92954 2.50947 2.2022 3.36317 0.922933 0.389889 2.04577
 1956 1 1 0 0 1 -1 -1 100  2.93566 25.4015 16.8671 8.64255 13.7824 10.214 5.24906 1.907 2.93241 3.6357 1.85095 1.62434 2.48053 0.680908 1.79578
 1957 1 1 0 0 1 -1 -1 100  3.41931 16.4857 22.4342 13.6076 6.94947 11.0801 8.21122 4.2199 1.53323 2.35755 2.92292 1.48817 1.306 1.99429 1.99039
 1958 1 1 0 0 1 -1 -1 100  6.24429 18.3298 13.8983 17.2764 10.4446 5.33314 8.50275 6.30124 3.23844 1.17678 1.80933 2.24318 1.1422 1.00241 3.05716
 1959 1 1 0 0 1 -1 -1 100  5.64787 29.5605 13.6451 9.45088 11.7091 7.07754 3.61398 5.76164 4.26993 2.19463 0.797684 1.22629 1.52026 0.774256 2.75034
 1960 1 1 0 0 1 -1 -1 100  2.15018 28.2279 23.2326 9.79619 6.76272 8.37688 5.06339 2.58563 4.12202 3.05488 1.57027 0.570928 0.877544 1.08784 2.52097
 1961 1 1 0 0 1 -1 -1 100  5.45309 12.2687 25.3337 19.046 8.00448 5.52478 6.84327 4.13647 2.11238 3.36745 2.49571 1.28293 0.466573 0.717048 2.9474
 1962 1 1 0 0 1 -1 -1 100  6.49839 26.593 9.40857 17.7461 13.2977 5.58769 3.8567 4.77702 2.88762 1.47478 2.35084 1.74235 0.895808 0.325977 2.55745
 1963 1 1 0 0 1 -1 -1 100  4.638 30.5831 19.6801 6.36042 11.9569 8.95798 3.76425 2.59823 3.21816 1.94545 0.993748 1.58387 1.17398 0.603749 1.94195
 1964 1 1 0 0 1 -1 -1 100  4.47236 23.6545 24.5285 14.418 4.64457 8.72932 6.53982 2.74826 1.89704 2.3496 1.42049 0.725729 1.15653 0.857305 1.85796
 1965 1 1 0 0 1 -1 -1 100  3.70353 23.288 19.3695 18.3469 10.7489 3.4621 6.50655 4.87461 2.04863 1.41418 1.75149 1.059 0.541165 0.862255 2.02329
 1966 1 1 0 0 1 -1 -1 100  9.59531 18.7809 18.572 14.1102 13.3211 7.80303 2.51339 4.72333 3.53872 1.48736 1.02682 1.27167 0.768992 0.393102 2.09414
 1967 1 1 0 0 1 -1 -1 100  4.53651 40.157 12.3593 11.1641 8.45407 7.97973 4.67431 1.50589 2.8296 2.12004 0.891304 0.615448 0.762111 0.461015 1.48962
 1968 1 1 0 0 1 -1 -1 100  3.8528 23.2315 32.3388 9.0918 8.18549 6.19735 5.84953 3.4266 1.1041 2.0744 1.55428 0.653604 0.451398 0.558903 1.42937
 1969 1 1 0 0 1 -1 -1 100  4.68477 20.4464 19.3883 24.6531 6.90831 6.21843 4.70803 4.44379 2.60323 0.838961 1.57604 1.18094 0.496745 0.343141 1.50986
 1970 1 1 0 0 1 -1 -1 100  5.29385 23.8181 16.3471 14.1596 17.9451 5.02778 4.52563 3.42645 3.23416 1.89472 0.610809 1.14721 0.859676 0.361769 1.34803
 1971 1 1 0 0 1 -1 -1 100  2.53563 26.8798 19.0178 11.9229 10.2934 13.0426 3.65434 3.28939 2.49053 2.35077 1.37731 0.444193 0.834031 0.625063 1.24218
 1972 1 1 0 0 1 -1 -1 100  5.55376 14.1886 23.6565 15.2887 9.55348 8.24618 10.4483 2.9276 2.63524 1.99529 1.88334 1.10352 0.35603 0.668318 1.4952
 1973 1 1 0 0 1 -1 -1 100  3.65109 27.7461 11.1469 16.9764 10.9354 6.83197 5.897 7.47169 2.09375 1.88469 1.42708 1.34702 0.789392 0.254875 1.54666
 1974 1 1 0 0 1 -1 -1 100  3.34949 19.7789 23.6378 8.67463 13.1676 8.48029 5.2981 4.57306 5.79415 1.62383 1.46171 1.10686 1.04478 0.612359 1.39645
 1975 1 1 0 0 1 -1 -1 100  7.94551 17.6426 16.3841 17.8861 6.54234 9.92875 6.39436 3.99499 3.44831 4.369 1.2246 1.10237 0.834808 0.788 1.51412
 1976 1 1 0 0 1 -1 -1 100  6.43825 34.7709 12.1405 10.2988 11.2058 4.09824 6.21923 4.00546 2.50262 2.16021 2.73688 0.767398 0.690837 0.523252 1.44167
 1977 1 1 0 0 1 -1 -1 100  5.95304 29.7865 25.2961 8.06812 6.82165 7.42088 2.71417 4.11866 2.65272 1.65755 1.43081 1.81268 0.508502 0.457804 1.30083
 1978 1 1 0 0 1 -1 -1 100  3.63713 28.9017 22.7402 17.6406 5.60808 4.74077 5.15707 1.88637 2.86235 1.84367 1.15213 0.99457 1.25993 0.353662 1.22168
 1979 1 1 0 0 1 -1 -1 100  2.51015 19.863 24.822 17.84 13.7937 4.38438 3.70627 4.0317 1.47487 2.23783 1.44149 0.900883 0.777712 0.985152 1.23094
 1980 1 1 0 0 1 -1 -1 100  2.60714 14.586 18.1532 20.722 14.8441 11.4751 3.64743 3.08332 3.35404 1.22707 1.86176 1.1993 0.74959 0.647126 1.84285
 1981 1 1 0 0 1 -1 -1 100  4.58091 14.838 13.0561 14.8429 16.8873 12.0948 9.34956 2.97194 2.51233 2.7329 0.999947 1.51706 0.977322 0.610916 2.02808
 1982 1 1 0 0 1 -1 -1 100  4.38188 23.7329 12.0889 9.71659 11.0098 12.5237 8.96947 6.93366 2.20418 1.86334 2.02691 0.741794 1.12527 0.725015 1.95653
 1983 1 1 0 0 1 -1 -1 100  7.51062 22.0132 18.7493 8.72395 6.98891 7.91748 9.00595 6.4501 4.98618 1.58527 1.34018 1.4578 0.533694 0.809447 1.92782
 1984 1 1 0 0 1 -1 -1 100  4.25071 34.1312 15.7304 12.2386 5.67592 4.54624 5.15012 5.85807 4.19567 3.24349 1.03145 0.87204 0.948542 0.347479 1.78009
 1985 1 1 0 0 1 -1 -1 100  4.35027 22.0404 27.8306 11.7166 9.08574 4.21302 3.37448 3.82267 4.34811 3.11428 2.40757 0.765801 0.647484 0.704264 1.5786
 1986 1 1 0 0 1 -1 -1 100  6.52102 22.1399 17.6398 20.3461 8.53753 6.61922 3.06939 2.45852 2.78501 3.16778 2.26896 1.75414 0.558143 0.471951 1.66256
 1987 1 1 0 0 1 -1 -1 100  3.52906 31.1068 16.6074 12.0867 13.895 5.82957 4.5197 2.09598 1.67891 1.90182 2.16316 1.54948 1.19798 0.381397 1.457
 1988 1 1 0 0 1 -1 -1 100  6.36782 18.5774 25.7519 12.5588 9.11003 10.4709 4.39304 3.406 1.57964 1.26536 1.43333 1.63026 1.16783 0.902966 1.38479
 1989 1 1 0 0 1 -1 -1 100  4.16438 30.4434 13.9661 17.6842 8.59597 6.23428 7.16535 3.00639 2.33097 1.08123 0.866176 0.981118 1.11587 0.799442 1.5651
 1990 1 1 0 0 1 -1 -1 100  5.13455 21.5639 24.7904 10.3886 13.1108 6.37179 4.62116 5.31126 2.22861 1.72799 0.801675 0.642273 0.727469 0.82735 1.75213
 1991 1 1 0 0 1 -1 -1 100  1.8445 26.4823 17.4896 18.3664 7.67133 9.67949 4.70422 3.41181 3.92127 1.64552 1.27594 0.592093 0.474416 0.537311 1.90381
 1992 1 1 0 0 1 -1 -1 100  5.71856 10.6808 24.1215 14.5518 15.2308 6.36049 8.0253 3.90036 2.82884 3.25123 1.36445 1.05803 0.491065 0.393501 2.02323
 1993 1 1 0 0 1 -1 -1 100  4.35787 28.2254 8.29001 17.1016 10.283 10.7606 4.49379 5.6699 2.75577 1.99878 2.29717 0.964228 0.747756 0.347215 1.70693
 1994 1 1 0 0 1 -1 -1 100  3.6554 22.7544 23.1761 6.21806 12.7847 7.68586 8.0427 3.35888 4.2379 2.05989 1.49412 1.71714 0.72091 0.55912 1.53476
 1995 1 1 0 0 1 -1 -1 100  7.14428 19.09 18.688 17.387 4.64965 9.55781 5.74589 6.01264 2.51121 3.16832 1.54014 1.1172 1.28392 0.539174 1.5648
 1996 1 1 0 0 1 -1 -1 100  2.69611 33.5589 14.1006 12.609 11.6926 3.12645 6.42624 3.8634 4.04273 1.68866 2.13045 1.03579 0.751438 0.863527 1.41419
 1997 1 1 0 0 1 -1 -1 100  4.94529 14.9805 29.3262 11.2558 10.032 9.30095 2.48706 5.11178 3.07324 3.21588 1.3434 1.69481 0.824096 0.597915 1.81116
 1998 1 1 0 0 1 -1 -1 100  2.98724 25.5485 12.1704 21.7629 8.32548 7.4188 6.87809 1.83938 3.78029 2.27284 2.37832 0.993668 1.25353 0.609657 1.78097
 1999 1 1 0 0 1 -1 -1 100  4.49385 16.5461 22.2556 9.6843 17.2601 6.60171 5.88265 5.4539 1.45866 2.99763 1.80236 1.88599 0.788094 0.994138 1.89496
 2000 1 1 0 0 1 -1 -1 100  8.70899 22.2837 12.9025 15.8528 6.87556 12.2514 4.68607 4.17568 3.87136 1.03562 2.12794 1.27957 1.33893 0.559663 2.0502
 2001 1 1 0 0 1 -1 -1 100  3.85289 37.8929 15.2459 8.06373 9.87474 4.28217 7.62986 2.91858 2.60074 2.41123 0.645299 1.32553 0.797214 0.834183 1.62502
 2002 1 1 0 0 1 -1 -1 100  6.4217 19.8549 30.7086 11.2861 5.9498 7.28453 3.15901 5.62843 2.15315 1.9187 1.7789 0.476266 0.978041 0.588326 1.81355
 2003 1 1 0 0 1 -1 -1 100  4.77383 30.4046 14.7824 20.8843 7.65037 4.03245 4.93688 2.14111 3.81456 1.45946 1.30058 1.20584 0.323076 0.663116 1.62734
 2004 1 1 0 0 1 -1 -1 100  7.53626 23.4265 23.463 10.4203 14.673 5.37412 2.83274 3.46801 1.50423 2.67968 1.02543 0.913834 0.84729 0.227229 1.60843
 2005 1 1 0 0 1 -1 -1 100  3.55269 34.4249 16.8269 15.3945 6.8146 9.59364 3.51392 1.85237 2.26771 0.9838 1.7523 0.670767 0.597803 0.554298 1.19983
 2006 1 1 0 0 1 -1 -1 100  2.57648 19.3858 29.5412 13.1901 12.0275 5.3232 7.49379 2.74492 1.4471 1.77151 0.76866 1.36893 0.524152 0.46716 1.36958
 2007 1 1 0 0 1 -1 -1 100  7.01168 14.2499 16.8631 23.4729 10.4461 9.52351 4.215 5.93361 2.17357 1.14598 1.40285 0.608813 1.08409 0.415218 1.4537
 2008 1 1 0 0 1 -1 -1 100  2.5009 33.2957 10.6406 11.502 15.9575 7.10031 6.4731 2.86509 4.03316 1.47761 0.779199 0.95378 0.414107 0.737136 1.26987
 2009 1 1 0 0 1 -1 -1 100  6.47974 13.8107 28.9186 8.44203 9.09537 12.616 5.6135 5.11764 2.26526 3.18869 1.16836 0.616218 0.754236 0.327589 1.58609
 2010 1 1 0 0 1 -1 -1 100  3.20428 31.242 10.471 20.0276 5.82747 6.27719 8.70665 3.87419 3.53199 1.56356 2.20083 0.806595 0.425563 0.520809 1.32025
 2011 1 1 0 0 1 -1 -1 100  3.85876 17.5957 26.9808 8.26031 15.747 4.58116 4.93458 6.84431 3.04563 2.77663 1.22929 1.73023 0.634259 0.334739 1.44664
 2012 1 1 0 0 1 -1 -1 100  4.1388 20.6842 14.8327 20.7756 6.33972 12.0831 3.51533 3.7865 5.25181 2.33712 2.13072 0.94346 1.32783 0.486894 1.3663
 1938 1 2 0 0 1 -1 -1 100  7.05402 18.9785 12.091 14.8046 5.72805 3.33937 8.97536 5.32413 4.28668 1.97263 4.07156 2.43251 2.70807 1.61417 6.61939
 1939 1 2 0 0 1 -1 -1 100  15.3568 11.3686 15.1875 9.50004 11.6251 4.49786 2.62227 7.0476 4.18068 3.36608 1.54911 3.19717 1.9102 2.12657 6.46436
 1940 1 2 0 0 1 -1 -1 100  8.09536 24.8892 9.14879 11.9997 7.50166 9.17934 3.55168 2.07073 5.56493 3.30124 2.65804 1.22337 2.52467 1.50849 6.78274
 1941 1 2 0 0 1 -1 -1 100  9.82198 13.7462 20.985 7.57356 9.92769 6.20615 7.59403 2.9384 1.71324 4.60391 2.73121 2.19911 1.01224 2.08877 6.85849
 1942 1 2 0 0 1 -1 -1 100  8.35643 16.7024 11.6068 17.3968 6.27493 8.22505 5.14181 6.29163 2.43456 1.41955 3.8144 2.26291 1.82208 0.838786 7.41192
 1943 1 2 0 0 1 -1 -1 100  15.3637 13.3029 13.2025 9.00792 13.4933 4.86694 6.3794 3.9881 4.87988 1.88841 1.10119 2.95859 1.75529 1.41339 6.39851
 1944 1 2 0 0 1 -1 -1 100  32.4849 18.2849 7.86128 7.66012 5.22346 7.82393 2.82229 3.69922 2.31274 2.82979 1.09533 0.638896 1.71582 1.01814 4.52921
 1945 1 2 0 0 1 -1 -1 100  13.649 42.7915 11.9594 5.04847 4.91637 3.35248 5.0213 1.81154 2.3743 1.48454 1.81635 0.703276 0.410364 1.10147 3.55968
 1946 1 2 0 0 1 -1 -1 100  11.8961 21.4268 33.3545 9.15261 3.86148 3.76031 2.56423 3.84055 1.38571 1.81611 1.13562 1.38939 0.538104 0.314084 3.56434
 1947 1 2 0 0 1 -1 -1 100  17.1439 17.911 16.0183 24.4818 6.7141 2.83273 2.75851 1.88116 2.81736 1.0167 1.33241 0.833255 1.0194 0.394972 2.84441
 1948 1 2 0 0 1 -1 -1 100  10.4569 26.6126 13.805 12.1218 18.5154 5.07782 2.1425 2.08637 1.42288 2.13088 0.769127 1.00788 0.630394 0.771168 2.44927
 1949 1 2 0 0 1 -1 -1 100  5.74643 18.1393 22.9219 11.6744 10.2449 15.6479 4.2915 1.81082 1.76338 1.20265 1.80099 0.650156 0.851928 0.532911 2.72095
 1950 1 2 0 0 1 -1 -1 100  12.9432 9.64928 15.1243 18.7646 9.55146 8.38162 12.8018 3.51108 1.48162 1.44281 0.984075 1.47358 0.532077 0.697148 2.66137
 1951 1 2 0 0 1 -1 -1 100  18.1191 19.1117 7.07465 10.8871 13.4994 6.87131 6.02974 9.20945 2.52603 1.06611 1.03819 0.708191 1.06032 0.383039 2.41556
 1952 1 2 0 0 1 -1 -1 100  16.9915 25.8458 13.5361 4.91981 7.5664 9.3815 4.77538 4.19055 6.40023 1.75572 0.741174 0.721774 0.492448 0.737156 1.94444
 1953 1 2 0 0 1 -1 -1 100  8.2584 27.0261 20.4117 10.4959 3.81271 5.86341 7.26989 3.70064 3.24745 4.95972 1.36072 0.574556 0.559523 0.38182 2.0774
 1954 1 2 0 0 1 -1 -1 100  12.8983 13.5174 21.965 16.2878 8.37044 3.04064 4.67594 5.79753 2.95125 2.58986 3.9553 1.0853 0.458378 0.44639 1.96049
 1955 1 2 0 0 1 -1 -1 100  15.785 19.5831 10.1903 16.2575 12.0484 6.19169 2.24934 3.45893 4.28854 2.18322 1.91591 2.92589 0.803028 0.339311 1.77983
 1956 1 2 0 0 1 -1 -1 100  9.8222 24.9726 15.383 7.85936 12.5311 9.28649 4.77244 1.7339 2.66618 3.3056 1.68294 1.47691 2.25534 0.619158 1.63277
 1957 1 2 0 0 1 -1 -1 100  11.3798 16.1208 20.3511 12.3084 6.28486 10.0202 7.42575 3.81628 1.38664 2.1321 2.64338 1.34589 1.18115 1.80359 1.80006
 1958 1 2 0 0 1 -1 -1 100  19.4307 16.7575 11.7872 14.6098 8.83088 4.50916 7.18895 5.32764 2.73814 0.995078 1.52988 1.89669 0.965845 0.847657 2.58488
 1959 1 2 0 0 1 -1 -1 100  17.6774 27.1829 11.6402 8.03897 9.95796 6.01901 3.07353 4.89992 3.63135 1.86649 0.678511 1.04301 1.293 0.658587 2.33907
 1960 1 2 0 0 1 -1 -1 100  7.31697 28.2277 21.5521 9.06136 6.25431 7.74695 4.68265 2.39124 3.81207 2.8252 1.45224 0.528063 0.811618 1.0061 2.33144
 1961 1 2 0 0 1 -1 -1 100  17.3466 11.4663 21.9643 16.4652 6.91864 4.77526 5.91484 3.57532 1.82589 2.91065 2.1572 1.10898 0.403399 0.619886 2.5476
 1962 1 2 0 0 1 -1 -1 100  19.995 24.0396 7.89015 14.839 11.1173 4.67147 3.22436 3.99374 2.41421 1.23308 1.96546 1.45676 0.749057 0.27268 2.13818
 1963 1 2 0 0 1 -1 -1 100  14.8453 28.7608 17.169 5.53289 10.3992 7.79083 3.27387 2.25979 2.79893 1.69207 0.864384 1.3776 1.02113 0.525205 1.68902
 1964 1 2 0 0 1 -1 -1 100  14.4394 22.4384 21.5847 12.651 4.07468 7.65797 5.7372 2.41104 1.6643 2.06131 1.24625 0.63677 1.01469 0.752196 1.63002
 1965 1 2 0 0 1 -1 -1 100  12.1819 22.5066 17.3657 16.4013 9.60738 3.09443 5.81545 4.35688 1.8311 1.26405 1.56553 0.946602 0.483782 0.770762 1.80845
 1966 1 2 0 0 1 -1 -1 100  27.7402 15.9514 14.6331 11.0855 10.4637 6.12921 1.97439 3.71021 2.77974 1.16848 0.806739 0.99906 0.604227 0.308981 1.64508
 1967 1 2 0 0 1 -1 -1 100  14.4594 37.6057 10.737 9.67067 7.32188 6.91093 4.04828 1.30429 2.45068 1.83617 0.772039 0.533137 0.660152 0.399391 1.29021
 1968 1 2 0 0 1 -1 -1 100  12.624 22.3653 28.8813 8.09635 7.28794 5.51772 5.20803 3.05086 0.983104 1.84698 1.38391 0.582022 0.401995 0.497709 1.2727
 1969 1 2 0 0 1 -1 -1 100  15.0863 19.3452 17.0174 21.5758 6.04496 5.44121 4.1196 3.8884 2.27792 0.734206 1.37914 1.03343 0.434772 0.30037 1.32124
 1970 1 2 0 0 1 -1 -1 100  16.7698 22.1676 14.114 12.19 15.446 4.32762 3.8954 2.94932 2.78381 1.63094 0.525869 0.987551 0.740071 0.311517 1.1604
 1971 1 2 0 0 1 -1 -1 100  8.55697 26.655 17.4947 10.9364 9.44 11.961 3.35134 3.01665 2.28404 2.15588 1.26315 0.407434 0.764939 0.573303 1.13924
 1972 1 2 0 0 1 -1 -1 100  17.6029 13.2126 20.436 13.1692 8.22761 7.10163 8.99804 2.52133 2.26955 1.71845 1.62203 0.950469 0.306745 0.575682 1.28777
 1973 1 2 0 0 1 -1 -1 100  11.9884 26.7682 9.97628 15.1497 9.75694 6.09564 5.26144 6.66637 1.86816 1.68164 1.27335 1.20193 0.704406 0.227508 1.38004
 1974 1 2 0 0 1 -1 -1 100  11.1389 19.3266 21.4268 7.84054 11.8992 7.66333 4.78772 4.13254 5.23597 1.46747 1.32097 1.0003 0.944205 0.553453 1.262
 1975 1 2 0 0 1 -1 -1 100  23.8163 15.5364 13.3847 14.5694 5.32832 8.08608 5.20769 3.25366 2.80845 3.55825 0.997488 0.897941 0.680044 0.641924 1.23327
 1976 1 2 0 0 1 -1 -1 100  19.7257 31.2986 10.1379 8.57512 9.32855 3.41173 5.17732 3.33448 2.08345 1.79842 2.27846 0.638983 0.57525 0.435745 1.20028
 1977 1 2 0 0 1 -1 -1 100  18.4955 27.1891 21.4202 6.81228 5.75879 6.26452 2.29132 3.47692 2.23945 1.39938 1.20797 1.53033 0.429408 0.386611 1.09825
 1978 1 2 0 0 1 -1 -1 100  11.9327 27.8601 20.3353 15.7294 4.99965 4.22636 4.59747 1.68175 2.5518 1.64368 1.0272 0.886735 1.12329 0.315386 1.0892
 1979 1 2 0 0 1 -1 -1 100  8.51936 19.8094 22.9646 16.4573 12.7223 4.04381 3.41838 3.71852 1.36035 2.06403 1.32956 0.830963 0.717362 0.908685 1.13538
 1980 1 2 0 0 1 -1 -1 100  8.86409 14.5721 16.8242 19.1494 13.7151 10.6021 3.36999 2.8488 3.09892 1.13379 1.72018 1.10813 0.692632 0.597965 1.70271
 1981 1 2 0 0 1 -1 -1 100  14.85 14.1324 11.5359 13.0767 14.8751 10.6534 8.23537 2.61786 2.21302 2.4073 0.880889 1.33637 0.86096 0.538224 1.78649
 1982 1 2 0 0 1 -1 -1 100  14.1816 22.5674 10.6639 8.54647 9.68216 11.0133 7.88769 6.09744 1.93843 1.6387 1.78254 0.652438 0.98966 0.637683 1.72065
 1983 1 2 0 0 1 -1 -1 100  22.6612 19.5132 15.418 7.15325 5.72958 6.49068 7.38294 5.28774 4.08767 1.29973 1.09881 1.19523 0.437683 0.663735 1.58054
 1984 1 2 0 0 1 -1 -1 100  13.6961 32.3113 13.8147 10.7171 4.96943 3.98031 4.50898 5.12878 3.67338 2.83976 0.903148 0.763583 0.83056 0.304337 1.55857
 1985 1 2 0 0 1 -1 -1 100  14.1007 20.99 24.5873 10.3213 8.00231 3.71062 2.9721 3.36682 3.82958 2.74293 2.12052 0.674575 0.570371 0.620378 1.39042
 1986 1 2 0 0 1 -1 -1 100  20.111 20.0603 14.8269 17.0522 7.15416 5.54661 2.57209 2.06022 2.3338 2.65453 1.90139 1.47 0.467845 0.395623 1.39327
 1987 1 2 0 0 1 -1 -1 100  11.5915 30.0206 14.8684 10.7898 12.4018 5.20305 4.03396 1.87078 1.49854 1.69749 1.93074 1.38303 1.06931 0.340506 1.30049
 1988 1 2 0 0 1 -1 -1 100  19.7505 16.9284 21.7689 10.5857 7.67742 8.82405 3.70221 2.87041 1.33133 1.06648 1.20804 1.37399 0.984299 0.761093 1.16713
 1989 1 2 0 0 1 -1 -1 100  13.4811 28.956 12.3231 15.5586 7.56141 5.48389 6.30285 2.64458 2.05047 0.951186 0.762018 0.863123 0.981656 0.703318 1.3768
 1990 1 2 0 0 1 -1 -1 100  16.3475 20.1712 21.5122 8.98886 11.3422 5.51218 3.99775 4.59473 1.92803 1.49496 0.693637 0.555744 0.629444 0.715848 1.51584
 1991 1 2 0 0 1 -1 -1 100  6.33365 26.7237 16.3726 17.1436 7.15932 9.03326 4.39017 3.18406 3.65949 1.53571 1.19081 0.552624 0.442804 0.501499 1.77675
 1992 1 2 0 0 1 -1 -1 100  18.1007 9.9326 20.8094 12.5175 13.0991 5.47025 6.90199 3.35449 2.43298 2.79623 1.17358 0.910057 0.422461 0.338555 1.74014
 1993 1 2 0 0 1 -1 -1 100  14.0679 26.7708 7.2942 15.0037 9.01991 9.43871 3.94179 4.97341 2.41731 1.75332 2.01506 0.845883 0.656007 0.304678 1.49733
 1994 1 2 0 0 1 -1 -1 100  12.0411 22.023 20.8089 5.56687 11.4436 6.87953 7.19891 3.00654 3.79333 1.84386 1.33745 1.53707 0.645371 0.500558 1.37382
 1995 1 2 0 0 1 -1 -1 100  21.7732 17.0927 15.5226 14.4002 3.85034 7.91441 4.75798 4.97885 2.07954 2.62366 1.27546 0.925249 1.0633 0.446627 1.29588
 1996 1 2 0 0 1 -1 -1 100  9.01942 32.9882 12.8584 11.465 10.6297 2.84226 5.842 3.51219 3.67522 1.5352 1.93682 0.941698 0.683201 0.785098 1.28569
 1997 1 2 0 0 1 -1 -1 100  15.8862 14.1388 25.6766 9.82661 8.75657 8.11835 2.17092 4.46187 2.68255 2.80706 1.17269 1.47942 0.719426 0.522008 1.58097
 1998 1 2 0 0 1 -1 -1 100  9.98226 25.0855 11.0856 19.7658 7.56013 6.73668 6.24567 1.67032 3.43274 2.06391 2.1597 0.902381 1.13834 0.553684 1.61728
 1999 1 2 0 0 1 -1 -1 100  14.5764 15.7686 19.6758 8.53702 15.2124 5.81847 5.18472 4.80684 1.28569 2.64204 1.5886 1.66231 0.694694 0.876289 1.67021
 2000 1 2 0 0 1 -1 -1 100  25.6018 19.2452 10.3374 12.6643 5.49178 9.78535 3.74293 3.33528 3.09222 0.827341 1.69977 1.02218 1.06959 0.447199 1.63768
 2001 1 2 0 0 1 -1 -1 100  12.4976 36.1137 13.4792 7.10876 8.70367 3.77432 6.72489 2.57248 2.29235 2.12531 0.568868 1.16841 0.702762 0.735346 1.43237
 2002 1 2 0 0 1 -1 -1 100  19.8735 18.0525 25.9014 9.49197 5.00311 6.12531 2.65638 4.73277 1.81062 1.61348 1.49593 0.400623 0.822535 0.494847 1.52507
 2003 1 2 0 0 1 -1 -1 100  15.2354 28.5093 12.8585 18.1137 6.63428 3.49687 4.28114 1.85679 3.30792 1.2657 1.12792 1.04577 0.280287 0.575151 1.41127
 2004 1 2 0 0 1 -1 -1 100  22.7015 20.7321 19.2627 8.53026 12.0093 4.39854 2.31858 2.83851 1.23129 2.19331 0.839428 0.74809 0.693629 0.186153 1.31657
 2005 1 2 0 0 1 -1 -1 100  11.6344 33.124 15.02 13.7018 6.06422 8.53704 3.12697 1.64844 2.01803 0.875543 1.55939 0.596992 0.532065 0.493351 1.06778
 2006 1 2 0 0 1 -1 -1 100  8.73225 19.3062 27.2922 12.1507 11.0777 4.90279 6.9019 2.52816 1.33286 1.63165 0.708018 1.26087 0.482825 0.430335 1.26147
 2007 1 2 0 0 1 -1 -1 100  21.5032 12.8391 14.0947 19.5626 8.70443 7.93551 3.51225 4.94425 1.81126 0.955037 1.16907 0.50745 0.90347 0.34614 1.21144
 2008 1 2 0 0 1 -1 -1 100  8.40869 32.8956 9.75243 10.5115 14.5806 6.48757 5.91448 2.61788 3.68513 1.35016 0.71203 0.871542 0.37845 0.673597 1.16035
 2009 1 2 0 0 1 -1 -1 100  20.111 12.5932 24.462 7.12051 7.67015 10.6388 4.73383 4.31568 1.91037 2.68907 0.985393 0.519792 0.636178 0.276401 1.33765
 2010 1 2 0 0 1 -1 -1 100  10.6076 30.3891 9.44853 18.0197 5.24232 5.64676 7.83217 3.48513 3.1773 1.4066 1.97986 0.725672 0.382915 0.468594 1.18773
 2011 1 2 0 0 1 -1 -1 100  12.6954 17.0091 24.195 7.38609 14.0778 4.09553 4.41146 6.1187 2.7228 2.48232 1.09906 1.54688 0.567113 0.299351 1.29336
 2012 1 2 0 0 1 -1 -1 100  13.5003 19.8234 13.1873 18.4175 5.61919 10.7095 3.11578 3.35612 4.65484 2.07152 1.88859 0.83631 1.17698 0.431652 1.21108

0 #_N_MeanSize-at-Age_obs
#Yr Seas Flt/Svy Gender Part Ageerr Ignore datavector(female-male)
#                                          samplesize(female-male)

3 #_N_environ_variables
300 #_N_environ_obs
 1913 1 0
 1914 1 0
 1915 1 0
 1916 1 0
 1917 1 0
 1918 1 0
 1919 1 0
 1920 1 0
 1921 1 0
 1922 1 0
 1923 1 0
 1924 1 0
 1925 1 0
 1926 1 0
 1927 1 0
 1928 1 0
 1929 1 0
 1930 1 0
 1931 1 0
 1932 1 0
 1933 1 0
 1934 1 0
 1935 1 0
 1936 1 0
 1937 1 0
 1938 1 0
 1939 1 0
 1940 1 0
 1941 1 0
 1942 1 0
 1943 1 0
 1944 1 0
 1945 1 0
 1946 1 0
 1947 1 0
 1948 1 0
 1949 1 0
 1950 1 0
 1951 1 0
 1952 1 0
 1953 1 0
 1954 1 0
 1955 1 0
 1956 1 0
 1957 1 0
 1958 1 0
 1959 1 0
 1960 1 0
 1961 1 0
 1962 1 0
 1963 1 0
 1964 1 0
 1965 1 0
 1966 1 0
 1967 1 0
 1968 1 0
 1969 1 0
 1970 1 0
 1971 1 0
 1972 1 0
 1973 1 0
 1974 1 0
 1975 1 0
 1976 1 0
 1977 1 0
 1978 1 0
 1979 1 0
 1980 1 0
 1981 1 0
 1982 1 0
 1983 1 0
 1984 1 0
 1985 1 0
 1986 1 0
 1987 1 0
 1988 1 0
 1989 1 0
 1990 1 0
 1991 1 0
 1992 1 0
 1993 1 0
 1994 1 0
 1995 1 0
 1996 1 0
 1997 1 0
 1998 1 0
 1999 1 0
 2000 1 0
 2001 1 0
 2002 1 0
 2003 1 0
 2004 1 0
 2005 1 0
 2006 1 0
 2007 1 0
 2008 1 0
 2009 1 0
 2010 1 0
 2011 1 0
 2012 1 0
 1913 2 0
 1914 2 0
 1915 2 0
 1916 2 0
 1917 2 0
 1918 2 0
 1919 2 0
 1920 2 0
 1921 2 0
 1922 2 0
 1923 2 0
 1924 2 0
 1925 2 0
 1926 2 0
 1927 2 0
 1928 2 0
 1929 2 0
 1930 2 0
 1931 2 0
 1932 2 0
 1933 2 0
 1934 2 0
 1935 2 0
 1936 2 0
 1937 2 0
 1938 2 0
 1939 2 0
 1940 2 0
 1941 2 0
 1942 2 0
 1943 2 0
 1944 2 0
 1945 2 0
 1946 2 0
 1947 2 0
 1948 2 0
 1949 2 0
 1950 2 0
 1951 2 0
 1952 2 0
 1953 2 0
 1954 2 0
 1955 2 0
 1956 2 0
 1957 2 0
 1958 2 0
 1959 2 0
 1960 2 0
 1961 2 0
 1962 2 0
 1963 2 0
 1964 2 0
 1965 2 0
 1966 2 0
 1967 2 0
 1968 2 0
 1969 2 0
 1970 2 0
 1971 2 0
 1972 2 0
 1973 2 0
 1974 2 0
 1975 2 0
 1976 2 0
 1977 2 0
 1978 2 0
 1979 2 0
 1980 2 0
 1981 2 0
 1982 2 0
 1983 2 0
 1984 2 0
 1985 2 0
 1986 2 0
 1987 2 0
 1988 2 0
 1989 2 0
 1990 2 0
 1991 2 0
 1992 2 0
 1993 2 0
 1994 2 0
 1995 2 0
 1996 2 0
 1997 2 0
 1998 2 0
 1999 2 0
 2000 2 0
 2001 2 0
 2002 2 0
 2003 2 0
 2004 2 0
 2005 2 0
 2006 2 0
 2007 2 0
 2008 2 0
 2009 2 0
 2010 2 0
 2011 2 0
 2012 2 0
 1913 3 0
 1914 3 0
 1915 3 0
 1916 3 0
 1917 3 0
 1918 3 0
 1919 3 0
 1920 3 0
 1921 3 0
 1922 3 0
 1923 3 0
 1924 3 0
 1925 3 0
 1926 3 0
 1927 3 0
 1928 3 0
 1929 3 0
 1930 3 0
 1931 3 0
 1932 3 0
 1933 3 0
 1934 3 0
 1935 3 0
 1936 3 0
 1937 3 0
 1938 3 0
 1939 3 0
 1940 3 0
 1941 3 0
 1942 3 0
 1943 3 0
 1944 3 0
 1945 3 0
 1946 3 0
 1947 3 0
 1948 3 0
 1949 3 0
 1950 3 0
 1951 3 0
 1952 3 0
 1953 3 0
 1954 3 0
 1955 3 0
 1956 3 0
 1957 3 0
 1958 3 0
 1959 3 0
 1960 3 0
 1961 3 0
 1962 3 0
 1963 3 0
 1964 3 0
 1965 3 0
 1966 3 0
 1967 3 0
 1968 3 0
 1969 3 0
 1970 3 0
 1971 3 0
 1972 3 0
 1973 3 0
 1974 3 0
 1975 3 0
 1976 3 0
 1977 3 0
 1978 3 0
 1979 3 0
 1980 3 0
 1981 3 0
 1982 3 0
 1983 3 0
 1984 3 0
 1985 3 0
 1986 3 0
 1987 3 0
 1988 3 0
 1989 3 0
 1990 3 0
 1991 3 0
 1992 3 0
 1993 3 0
 1994 3 0
 1995 3 0
 1996 3 0
 1997 3 0
 1998 3 0
 1999 3 0
 2000 3 0
 2001 3 0
 2002 3 0
 2003 3 0
 2004 3 0
 2005 3 0
 2006 3 0
 2007 3 0
 2008 3 0
 2009 3 0
 2010 3 0
 2011 3 0
 2012 3 0
0 # N sizefreq methods to read 

0 # no tag data 

0 # no morphcomp data 

999

